;massa B;;
t;x;y;
0.000000E0;1.782178E-1;2.846287E2
1.666457E-2;2.518212E-1;2.844938E2
3.332914E-2;2.617512E-1;2.846618E2
4.999371E-2;3.269228E-1;2.845582E2
6.665828E-2;3.258055E-1;2.845192E2
8.332285E-2;2.981839E-1;2.847811E2
9.998742E-2;5.188733E-1;2.846568E2
1.166520E-1;4.597758E-1;2.849285E2
1.333166E-1;6.089862E-1;2.847923E2
1.499811E-1;6.889599E-1;2.845809E2
1.666457E-1;7.654861E-1;2.845950E2
1.833103E-1;8.470970E-1;2.845457E2
1.999748E-1;6.350075E-1;2.845148E2
2.166394E-1;6.670072E-1;2.844225E2
2.333040E-1;3.626706E-1;2.845959E2
2.499686E-1;2.480980E-1;2.847232E2
2.666331E-1;1.034424E-1;2.845085E2
2.832977E-1;1.821367E-1;2.845392E2
2.999623E-1;4.951583E-1;2.847022E2
3.166268E-1;3.723818E-1;2.846411E2
3.332914E-1;4.831076E-1;2.848438E2
3.499560E-1;4.278052E-1;2.846407E2
3.666205E-1;4.890403E-1;2.845762E2
3.832851E-1;2.833429E-1;2.842797E2
3.999497E-1;5.070658E-1;2.845032E2
4.166143E-1;5.835650E-1;2.843975E2
4.332788E-1;3.571915E-2;2.844661E2
4.499434E-1;2.200123E-1;2.845885E2
4.666080E-1;2.124024E-2;2.844009E2
4.832725E-1;6.018982E-2;2.845177E2
4.999371E-1;-9.778411E-2;2.843383E2
5.166017E-1;-1.238137E-1;2.845136E2
5.332662E-1;6.965076E-2;2.846905E2
5.499308E-1;2.431822E-2;2.846092E2
5.665954E-1;1.996304E-1;2.847647E2
5.832600E-1;3.181804E-1;2.848403E2
5.999245E-1;3.516535E-1;2.847493E2
6.165891E-1;3.764074E-1;2.850477E2
6.332537E-1;4.432335E-1;2.850847E2
6.499182E-1;5.618138E-1;2.852411E2
6.665828E-1;4.771282E-1;2.852830E2
6.832474E-1;3.600616E-1;2.851020E2
6.999119E-1;2.810673E-1;2.852266E2
7.165765E-1;5.356937E-2;2.851039E2
7.332411E-1;3.737209E-1;2.852391E2
7.499057E-1;5.519386E-3;2.849741E2
7.665702E-1;3.609219E-1;2.848628E2
7.832348E-1;3.036757E-1;2.848696E2
7.998994E-1;2.783220E-1;2.848587E2
8.165639E-1;2.058920E-1;2.847857E2
8.332285E-1;4.155834E-1;2.849837E2
8.498931E-1;5.490775E-1;2.849391E2
8.665576E-1;4.542821E-1;2.851382E2
8.832222E-1;4.894055E-1;2.852430E2
8.998868E-1;4.007924E-1;2.852737E2
9.165514E-1;5.299323E-1;2.850816E2
9.332159E-1;4.343213E-1;2.851594E2
9.498805E-1;4.763644E-1;2.850814E2
9.665451E-1;6.545964E-1;2.851666E2
9.832096E-1;5.234662E-1;2.851062E2
9.998742E-1;2.682595E-1;2.854818E2
1.016539E0;-1.240970E-1;2.854707E2
1.033203E0;9.366775E-2;2.855200E2
1.049868E0;1.222264E-1;2.854619E2
1.066532E0;9.684675E-2;2.856914E2
1.083197E0;2.932752E-1;2.855675E2
1.099862E0;-9.071315E-2;2.852448E2
1.116526E0;1.208432E-1;2.853099E2
1.133191E0;4.924409E-2;2.853225E2
1.149855E0;7.805261E-2;2.854712E2
1.166520E0;-5.921670E-2;2.854574E2
1.183184E0;-1.966979E-1;2.854552E2
1.199849E0;-1.555446E-1;2.854989E2
1.216514E0;-3.883847E-1;2.852815E2
1.233178E0;-2.058341E-1;2.853174E2
1.249843E0;-3.225392E-1;2.852073E2
1.266507E0;-1.538085E-1;2.853547E2
1.283172E0;-3.810989E-1;2.853440E2
1.299836E0;-2.485660E-1;2.853701E2
1.316501E0;-4.081918E-1;2.854441E2
1.333166E0;-4.705291E-1;2.854731E2
1.349830E0;-6.768761E-1;2.853443E2
1.366495E0;-5.623886E-1;2.856100E2
1.383159E0;-6.185451E-1;2.855267E2
1.399824E0;-6.052894E-1;2.854945E2
1.416488E0;-8.187706E-1;2.852572E2
1.433153E0;-5.661761E-1;2.852602E2
1.449818E0;-5.987708E-1;2.852463E2
1.466482E0;-6.888958E-1;2.852514E2
1.483147E0;-7.429329E-1;2.852513E2
1.499811E0;-7.405840E-1;2.854295E2
1.516476E0;-8.429316E-1;2.856095E2
1.533140E0;-1.219152E0;2.855137E2
1.549805E0;-9.330780E-1;2.855796E2
1.566470E0;-3.452348E-1;2.856699E2
1.583134E0;1.330775E0;2.857880E2
1.599799E0;5.313557E0;2.856936E2
1.616463E0;1.105015E1;2.855056E2
1.633128E0;1.912464E1;2.853580E2
1.649792E0;2.849143E1;2.846236E2
1.666457E0;3.907152E1;2.831330E2
1.683122E0;5.043421E1;2.818564E2
1.699786E0;6.282662E1;2.792409E2
1.716451E0;7.652945E1;2.762626E2
1.733115E0;9.123490E1;2.719309E2
1.749780E0;1.069273E2;2.667260E2
1.766444E0;1.234267E2;2.596490E2
1.783109E0;1.403182E2;2.512514E2
1.799774E0;1.573409E2;2.409669E2
1.816438E0;1.742035E2;2.292208E2
1.833103E0;1.906224E2;2.163294E2
1.849767E0;2.059211E2;2.021524E2
1.866432E0;2.200652E2;1.868094E2
1.883096E0;2.328721E2;1.708146E2
1.899761E0;2.445719E2;1.539422E2
1.916426E0;2.544781E2;1.370765E2
1.933090E0;2.631010E2;1.201333E2
1.949755E0;2.702948E2;1.037339E2
1.966419E0;2.758207E2;8.796330E1
1.983084E0;2.796854E2;7.349739E1
1.999748E0;2.830044E2;5.847016E1
2.016413E0;2.855412E2;4.728439E1
2.033078E0;2.867649E2;3.673159E1
2.049742E0;2.877222E2;2.873922E1
2.066407E0;2.878479E2;2.262373E1
2.083071E0;2.883052E2;1.845966E1
2.099736E0;2.884345E2;1.588081E1
2.116400E0;2.886932E2;1.448440E1
2.133065E0;2.887584E2;1.364193E1
2.149730E0;2.887224E2;1.358268E1
2.166394E0;2.887124E2;1.347220E1
2.183059E0;2.886806E2;1.319942E1
2.199723E0;2.886828E2;1.248150E1
2.216388E0;2.886040E2;1.056258E1
2.233052E0;2.888718E2;8.167288E0
2.249717E0;2.889315E2;5.291947E0
2.266382E0;2.892142E2;2.442305E0
2.283046E0;2.891234E2;-1.384695E0
2.299711E0;2.892236E2;-4.740821E0
2.316375E0;2.892089E2;-8.362925E0
2.333040E0;2.892437E2;-1.230130E1
2.349704E0;2.891712E2;-1.568811E1
2.366369E0;2.890907E2;-1.790654E1
2.383034E0;2.893172E2;-1.947717E1
2.399698E0;2.889412E2;-1.992865E1
2.416363E0;2.891994E2;-1.986948E1
2.433027E0;2.890893E2;-1.917718E1
2.449692E0;2.892668E2;-1.833780E1
2.466356E0;2.891025E2;-1.764889E1
2.483021E0;2.892632E2;-1.707226E1
2.499686E0;2.891056E2;-1.656288E1
2.516350E0;2.892667E2;-1.615105E1
2.533015E0;2.893153E2;-1.613194E1
2.549679E0;2.891905E2;-1.606220E1
2.566344E0;2.893067E2;-1.605110E1
2.583008E0;2.893434E2;-1.699296E1
2.599673E0;2.890832E2;-1.744122E1
2.616338E0;2.892387E2;-1.751205E1
2.633002E0;2.890122E2;-1.804948E1
2.649667E0;2.889798E2;-1.801612E1
2.666331E0;2.886090E2;-1.807047E1
2.682996E0;2.884680E2;-1.838559E1
2.699660E0;2.885355E2;-1.900364E1
2.716325E0;2.884776E2;-2.005007E1
2.732990E0;2.887583E2;-2.030798E1
2.749654E0;2.888471E2;-2.034132E1
2.766319E0;2.889525E2;-2.032503E1
2.782983E0;2.890682E2;-2.023041E1
2.799648E0;2.890812E2;-1.994585E1
2.816312E0;2.892096E2;-1.979492E1
2.832977E0;2.888527E2;-1.967004E1
2.849641E0;2.888983E2;-1.988203E1
2.866306E0;2.887823E2;-1.991986E1
2.882971E0;2.886798E2;-2.003210E1
2.899635E0;2.884802E2;-2.013748E1
2.916300E0;2.884332E2;-2.019082E1
2.932964E0;2.884264E2;-2.011625E1
2.949629E0;2.885482E2;-1.992794E1
2.966293E0;2.890098E2;-1.789041E1
2.982958E0;2.891075E2;-1.394911E1
2.999623E0;2.892194E2;-7.483077E0
3.016287E0;2.893488E2;-7.307824E-1
3.032952E0;2.892555E2;7.597724E0
3.049616E0;2.889109E2;1.801205E1
3.066281E0;2.873698E2;3.013247E1
3.082945E0;2.861486E2;4.327771E1
3.099610E0;2.837141E2;5.715403E1
3.116275E0;2.800943E2;7.198242E1
3.132939E0;2.753471E2;8.794853E1
3.149604E0;2.694375E2;1.047564E2
3.166268E0;2.618757E2;1.217401E2
3.182933E0;2.529399E2;1.394296E2
3.199597E0;2.423210E2;1.569949E2
3.216262E0;2.299832E2;1.744689E2
3.232927E0;2.159632E2;1.916201E2
3.249591E0;1.998559E2;2.081278E2
3.266256E0;1.823370E2;2.233276E2
3.282920E0;1.632262E2;2.378190E2
3.299585E0;1.422036E2;2.504624E2
3.316249E0;1.201513E2;2.614672E2
3.332914E0;9.680985E1;2.705022E2
3.349579E0;7.198027E1;2.776504E2
3.366243E0;4.680460E1;2.821156E2
3.382908E0;2.127657E1;2.847190E2
3.399572E0;-4.161061E0;2.851529E2
3.416237E0;-2.937213E1;2.828946E2
3.432901E0;-5.423701E1;2.781616E2
3.449566E0;-7.876500E1;2.721838E2
3.466231E0;-1.023205E2;2.636540E2
3.482895E0;-1.243556E2;2.539604E2
3.499560E0;-1.453030E2;2.425322E2
3.516224E0;-1.647017E2;2.296304E2
3.532889E0;-1.823253E2;2.154600E2
3.549553E0;-1.983817E2;2.004841E2
3.566218E0;-2.125043E2;1.849637E2
3.582883E0;-2.252596E2;1.691292E2
3.599547E0;-2.363200E2;1.533825E2
3.616212E0;-2.456645E2;1.378298E2
3.632876E0;-2.535204E2;1.226416E2
3.649541E0;-2.600418E2;1.081004E2
3.666205E0;-2.647851E2;9.423331E1
3.682870E0;-2.686530E2;8.139876E1
3.699535E0;-2.725391E2;6.861126E1
3.716199E0;-2.742677E2;5.850619E1
3.732864E0;-2.763293E2;4.866499E1
3.749528E0;-2.780804E2;3.984027E1
3.766193E0;-2.786159E2;3.361911E1
3.782857E0;-2.791862E2;2.720967E1
3.799522E0;-2.801643E2;2.225616E1
3.816187E0;-2.803118E2;1.920383E1
3.832851E0;-2.804481E2;1.757793E1
3.849516E0;-2.806297E2;1.709946E1
3.866180E0;-2.806988E2;1.799235E1
3.882845E0;-2.800406E2;2.071946E1
3.899509E0;-2.796552E2;2.436083E1
3.916174E0;-2.794678E2;2.924547E1
3.932839E0;-2.786297E2;3.564884E1
3.949503E0;-2.772815E2;4.331997E1
3.966168E0;-2.761552E2;5.161257E1
3.982832E0;-2.741571E2;6.155193E1
3.999497E0;-2.712180E2;7.208582E1
4.016161E0;-2.676708E2;8.420097E1
4.032826E0;-2.635239E2;9.653734E1
4.049491E0;-2.581505E2;1.095735E2
4.066155E0;-2.518319E2;1.233692E2
4.082820E0;-2.444885E2;1.371695E2
4.099484E0;-2.356859E2;1.514804E2
4.116149E0;-2.258262E2;1.664332E2
4.132813E0;-2.142657E2;1.802168E2
4.149478E0;-2.019067E2;1.946960E2
4.166143E0;-1.876263E2;2.084686E2
4.182807E0;-1.721521E2;2.213820E2
4.199472E0;-1.554138E2;2.340749E2
4.216136E0;-1.374495E2;2.452591E2
4.232801E0;-1.184249E2;2.551206E2
4.249465E0;-9.833813E1;2.638753E2
4.266130E0;-7.738911E1;2.709519E2
4.282795E0;-5.542139E1;2.767649E2
4.299459E0;-3.337781E1;2.809652E2
4.316124E0;-1.080747E1;2.830187E2
4.332788E0;1.148777E1;2.834525E2
4.349453E0;3.332232E1;2.824000E2
4.366117E0;5.520512E1;2.795833E2
4.382782E0;7.652503E1;2.751625E2
4.399447E0;9.746432E1;2.688778E2
4.416111E0;1.172548E2;2.612324E2
4.432776E0;1.361470E2;2.525066E2
4.449440E0;1.534419E2;2.425173E2
4.466105E0;1.693878E2;2.318747E2
4.482769E0;1.841517E2;2.202570E2
4.499434E0;1.976451E2;2.084747E2
4.516099E0;2.101017E2;1.961966E2
4.532763E0;2.208074E2;1.841671E2
4.549428E0;2.305081E2;1.723253E2
4.566092E0;2.384898E2;1.605226E2
4.582757E0;2.461731E2;1.491922E2
4.599421E0;2.523470E2;1.386714E2
4.616086E0;2.574381E2;1.289428E2
4.632750E0;2.624141E2;1.188700E2
4.649415E0;2.665407E2;1.096987E2
4.666080E0;2.692918E2;1.024489E2
4.682744E0;2.714407E2;9.674495E1
4.699409E0;2.731327E2;9.157170E1
4.716073E0;2.742906E2;8.800482E1
4.732738E0;2.753149E2;8.501635E1
4.749402E0;2.753317E2;8.432401E1
4.766067E0;2.753970E2;8.451623E1
4.782732E0;2.751165E2;8.525802E1
4.799396E0;2.743257E2;8.782880E1
4.816061E0;2.732890E2;9.108586E1
4.832725E0;2.715821E2;9.641397E1
4.849390E0;2.695143E2;1.023471E2
4.866054E0;2.667325E2;1.093409E2
4.882719E0;2.632957E2;1.169898E2
4.899384E0;2.589353E2;1.257833E2
4.916048E0;2.541806E2;1.355209E2
4.932713E0;2.483850E2;1.456993E2
4.949377E0;2.421330E2;1.564444E2
4.966042E0;2.342729E2;1.674418E2
4.982706E0;2.253860E2;1.790263E2
4.999371E0;2.161674E2;1.906240E2
5.016036E0;2.050994E2;2.020513E2
5.032700E0;1.933171E2;2.133034E2
5.049365E0;1.801754E2;2.242475E2
5.066029E0;1.662415E2;2.349224E2
5.082694E0;1.510593E2;2.448280E2
5.099358E0;1.349225E2;2.540529E2
5.116023E0;1.177757E2;2.620842E2
5.132688E0;9.966780E1;2.692653E2
5.149352E0;8.096453E1;2.752624E2
5.166017E0;6.158029E1;2.794660E2
5.182681E0;4.149822E1;2.829273E2
5.199346E0;2.184582E1;2.847416E2
5.216010E0;2.213424E0;2.846698E2
5.232675E0;-1.753671E1;2.834637E2
5.249340E0;-3.722471E1;2.811923E2
5.266004E0;-5.611534E1;2.774667E2
5.282669E0;-7.502045E1;2.727615E2
5.299333E0;-9.298204E1;2.666742E2
5.315998E0;-1.100868E2;2.599155E2
5.332662E0;-1.264132E2;2.522212E2
5.349327E0;-1.419611E2;2.439304E2
5.365992E0;-1.556862E2;2.345533E2
5.382656E0;-1.688647E2;2.249441E2
5.399321E0;-1.806170E2;2.153480E2
5.415985E0;-1.914830E2;2.050907E2
5.432650E0;-2.010596E2;1.946951E2
5.449314E0;-2.100141E2;1.846836E2
5.465979E0;-2.173157E2;1.747900E2
5.482644E0;-2.241892E2;1.656554E2
5.499308E0;-2.300519E2;1.567951E2
5.515973E0;-2.352545E2;1.486638E2
5.532637E0;-2.396994E2;1.410306E2
5.549302E0;-2.435755E2;1.342005E2
5.565966E0;-2.466271E2;1.283734E2
5.582631E0;-2.491051E2;1.230839E2
5.599296E0;-2.511027E2;1.188582E2
5.615960E0;-2.526543E2;1.157489E2
5.632625E0;-2.534880E2;1.132867E2
5.649289E0;-2.543770E2;1.116244E2
5.665954E0;-2.544766E2;1.109966E2
5.682618E0;-2.542757E2;1.117383E2
5.699283E0;-2.534577E2;1.130562E2
5.715948E0;-2.521657E2;1.156278E2
5.732612E0;-2.508726E2;1.191840E2
5.749277E0;-2.487695E2;1.234133E2
5.765941E0;-2.465750E2;1.279884E2
5.782606E0;-2.438927E2;1.340642E2
5.799270E0;-2.404561E2;1.404191E2
5.815935E0;-2.367605E2;1.478040E2
5.832600E0;-2.319902E2;1.554004E2
5.849264E0;-2.266273E2;1.638215E2
5.865929E0;-2.204514E2;1.725392E2
5.882593E0;-2.135519E2;1.814560E2
5.899258E0;-2.056167E2;1.907588E2
5.915922E0;-1.968879E2;2.002649E2
5.932587E0;-1.862982E2;2.096606E2
5.949252E0;-1.758707E2;2.189408E2
5.965916E0;-1.641675E2;2.281543E2
5.982581E0;-1.517994E2;2.368332E2
5.999245E0;-1.384146E2;2.446412E2
6.015910E0;-1.242067E2;2.525921E2
6.032574E0;-1.096367E2;2.593490E2
6.049239E0;-9.409803E1;2.657747E2
6.065904E0;-7.776389E1;2.716829E2
6.082568E0;-6.080717E1;2.760740E2
6.099233E0;-4.336186E1;2.799041E2
6.115897E0;-2.594173E1;2.823884E2
6.132562E0;-8.479607E0;2.841964E2
6.149226E0;8.733295E0;2.845814E2
6.165891E0;2.617476E1;2.839657E2
6.182556E0;4.320920E1;2.821358E2
6.199220E0;6.003825E1;2.793978E2
6.215885E0;7.613316E1;2.757775E2
6.232549E0;9.218107E1;2.709766E2
6.249214E0;1.073240E2;2.656249E2
6.265878E0;1.217818E2;2.595137E2
6.282543E0;1.354461E2;2.532710E2
6.299208E0;1.479579E2;2.464741E2
6.315872E0;1.599393E2;2.393649E2
6.332537E0;1.711051E2;2.318704E2
6.349201E0;1.811831E2;2.243300E2
6.365866E0;1.902684E2;2.165435E2
6.382530E0;1.985254E2;2.093523E2
6.399195E0;2.057505E2;2.021790E2
6.415859E0;2.125391E2;1.953378E2
6.432524E0;2.181396E2;1.885641E2
6.449189E0;2.232707E2;1.827173E2
6.465853E0;2.275720E2;1.771470E2
6.482518E0;2.312197E2;1.721911E2
6.499182E0;2.343141E2;1.682260E2
6.515847E0;2.370718E2;1.644992E2
6.532511E0;2.386010E2;1.623124E2
6.549176E0;2.397047E2;1.600069E2
6.565841E0;2.404155E2;1.592602E2
6.582505E0;2.401381E2;1.587846E2
6.599170E0;2.398405E2;1.592295E2
6.615834E0;2.389187E2;1.606826E2
6.632499E0;2.373628E2;1.628251E2
6.649163E0;2.350417E2;1.661981E2
6.665828E0;2.323468E2;1.700223E2
6.682493E0;2.284652E2;1.749147E2
6.699157E0;2.243836E2;1.803070E2
6.715822E0;2.196023E2;1.859151E2
6.732486E0;2.141326E2;1.918240E2
6.749151E0;2.078976E2;1.987841E2
6.765815E0;2.010189E2;2.056398E2
6.782480E0;1.934732E2;2.124645E2
6.799145E0;1.850192E2;2.196514E2
6.815809E0;1.758520E2;2.268374E2
6.832474E0;1.662253E2;2.342669E2
6.849138E0;1.555759E2;2.407957E2
6.865803E0;1.443641E2;2.475567E2
6.882467E0;1.321937E2;2.541400E2
6.899132E0;1.193466E2;2.601090E2
6.915797E0;1.057677E2;2.650511E2
6.932461E0;9.188620E1;2.700875E2
6.949126E0;7.756567E1;2.745083E2
6.965790E0;6.292471E1;2.782825E2
6.982455E0;4.791546E1;2.808815E2
6.999119E0;3.274275E1;2.833446E2
7.015784E0;1.707783E1;2.842370E2
7.032449E0;1.654438E0;2.845653E2
7.049113E0;-1.347798E1;2.836525E2
7.065778E0;-2.884711E1;2.822230E2
7.082442E0;-4.379473E1;2.802439E2
7.099107E0;-5.845882E1;2.775496E2
7.115771E0;-7.248085E1;2.738502E2
7.132436E0;-8.650939E1;2.695520E2
7.149101E0;-9.956361E1;2.646728E2
7.165765E0;-1.118633E2;2.592122E2
7.182430E0;-1.237899E2;2.532146E2
7.199094E0;-1.348835E2;2.472235E2
7.215759E0;-1.448958E2;2.411070E2
7.232423E0;-1.541464E2;2.346000E2
7.249088E0;-1.629942E2;2.281960E2
7.265753E0;-1.712679E2;2.221908E2
7.282417E0;-1.784375E2;2.157145E2
7.299082E0;-1.851090E2;2.097621E2
7.315746E0;-1.911720E2;2.042250E2
7.332411E0;-1.961463E2;1.985528E2
7.349075E0;-2.007623E2;1.936488E2
7.365740E0;-2.047952E2;1.890625E2
7.382405E0;-2.082967E2;1.851157E2
7.399069E0;-2.114199E2;1.819697E2
7.415734E0;-2.136890E2;1.790703E2
7.432398E0;-2.157253E2;1.771396E2
7.449063E0;-2.168632E2;1.753957E2
7.465727E0;-2.173786E2;1.742232E2
7.482392E0;-2.176957E2;1.742572E2
7.499057E0;-2.173173E2;1.744120E2
7.515721E0;-2.167127E2;1.757782E2
7.532386E0;-2.152049E2;1.775724E2
7.549050E0;-2.135680E2;1.794841E2
7.565715E0;-2.112852E2;1.823777E2
7.582379E0;-2.087241E2;1.857309E2
7.599044E0;-2.056915E2;1.895572E2
7.615709E0;-2.015399E2;1.939909E2
7.632373E0;-1.975359E2;1.990105E2
7.649038E0;-1.926312E2;2.040970E2
7.665702E0;-1.867314E2;2.094896E2
7.682367E0;-1.801589E2;2.149137E2
7.699031E0;-1.731734E2;2.206215E2
7.715696E0;-1.654937E2;2.268837E2
7.732361E0;-1.578105E2;2.329062E2
7.749025E0;-1.489682E2;2.386144E2
7.765690E0;-1.394466E2;2.443414E2
7.782354E0;-1.295420E2;2.503135E2
7.799019E0;-1.189421E2;2.557616E2
7.815683E0;-1.079469E2;2.608888E2
7.832348E0;-9.608718E1;2.660022E2
7.849013E0;-8.410787E1;2.703913E2
7.865677E0;-7.151711E1;2.741103E2
7.882342E0;-5.848810E1;2.770297E2
7.899006E0;-4.501665E1;2.797427E2
7.915671E0;-3.176224E1;2.815794E2
7.932335E0;-1.811907E1;2.829382E2
7.949000E0;-4.541235E0;2.837990E2
7.965665E0;8.991297E0;2.838535E2
7.982329E0;2.262465E1;2.833360E2
7.998994E0;3.580893E1;2.825027E2
8.015658E0;4.896448E1;2.806707E2
8.032323E0;6.172444E1;2.787358E2
8.048987E0;7.393621E1;2.761219E2
8.065652E0;8.566218E1;2.730477E2
8.082317E0;9.723576E1;2.694845E2
8.098981E0;1.080775E2;2.656243E2
8.115646E0;1.184879E2;2.611927E2
8.132310E0;1.281238E2;2.569988E2
8.148975E0;1.376736E2;2.522161E2
8.165639E0;1.461656E2;2.474311E2
8.182304E0;1.540829E2;2.430544E2
8.198969E0;1.614010E2;2.384943E2
8.215633E0;1.680206E2;2.342297E2
8.232298E0;1.739366E2;2.299886E2
8.248962E0;1.796900E2;2.259236E2
8.265627E0;1.843843E2;2.223794E2
8.282291E0;1.882709E2;2.186398E2
8.298956E0;1.918272E2;2.158766E2
8.315620E0;1.943769E2;2.128719E2
8.332285E0;1.967330E2;2.109925E2
8.348950E0;1.981527E2;2.094311E2
8.365614E0;1.989260E2;2.085515E2
8.382279E0;1.995010E2;2.080928E2
8.398943E0;1.992754E2;2.080805E2
8.415608E0;1.986939E2;2.084285E2
8.432272E0;1.973246E2;2.097531E2
8.448937E0;1.956484E2;2.113892E2
8.465602E0;1.934649E2;2.134947E2
8.482266E0;1.901560E2;2.158767E2
8.498931E0;1.870540E2;2.189600E2
8.515595E0;1.829649E2;2.219225E2
8.532260E0;1.782971E2;2.255164E2
8.548924E0;1.729405E2;2.294808E2
8.565589E0;1.670012E2;2.333908E2
8.582254E0;1.606326E2;2.374369E2
8.598918E0;1.534266E2;2.418655E2
8.615583E0;1.462738E2;2.460327E2
8.632247E0;1.383301E2;2.502751E2
8.648912E0;1.299769E2;2.548663E2
8.665576E0;1.210316E2;2.590532E2
8.682241E0;1.114419E2;2.632117E2
8.698906E0;1.017092E2;2.670244E2
8.715570E0;9.174976E1;2.709249E2
8.732235E0;8.089811E1;2.739286E2
8.748899E0;6.986520E1;2.768693E2
8.765564E0;5.878692E1;2.793855E2
8.782228E0;4.742329E1;2.811097E2
8.798893E0;3.549705E1;2.827019E2
8.815558E0;2.347807E1;2.841571E2
8.832222E0;1.141575E1;2.844863E2
8.848887E0;-7.252075E-1;2.847011E2
8.865551E0;-1.256591E1;2.841095E2
8.882216E0;-2.430287E1;2.831283E2
8.898880E0;-3.570660E1;2.817700E2
8.915545E0;-4.694021E1;2.796707E2
8.932210E0;-5.772414E1;2.775546E2
8.948874E0;-6.865579E1;2.750323E2
8.965539E0;-7.901284E1;2.721948E2
8.982203E0;-8.920103E1;2.688644E2
8.998868E0;-9.805084E1;2.649001E2
9.015532E0;-1.072583E2;2.615909E2
9.032197E0;-1.157308E2;2.577669E2
9.048862E0;-1.237288E2;2.537829E2
9.065526E0;-1.307819E2;2.499114E2
9.082191E0;-1.377690E2;2.459948E2
9.098855E0;-1.437609E2;2.420163E2
9.115520E0;-1.492529E2;2.383693E2
9.132184E0;-1.548269E2;2.349237E2
9.148849E0;-1.589176E2;2.315753E2
9.165514E0;-1.629182E2;2.285101E2
9.182178E0;-1.667996E2;2.260931E2
9.198843E0;-1.698998E2;2.237952E2
9.215507E0;-1.727249E2;2.216729E2
9.232172E0;-1.742303E2;2.196695E2
9.248836E0;-1.760801E2;2.184891E2
9.265501E0;-1.770167E2;2.175204E2
9.282166E0;-1.773748E2;2.168523E2
9.298830E0;-1.773769E2;2.167158E2
9.315495E0;-1.770998E2;2.171084E2
9.332159E0;-1.762212E2;2.175908E2
9.348824E0;-1.748754E2;2.188214E2
9.365488E0;-1.728359E2;2.202604E2
9.382153E0;-1.705217E2;2.221665E2
9.398818E0;-1.678298E2;2.244247E2
9.415482E0;-1.647731E2;2.270362E2
9.432147E0;-1.609561E2;2.297886E2
9.448811E0;-1.568922E2;2.328454E2
9.465476E0;-1.521648E2;2.360054E2
9.482140E0;-1.471924E2;2.394965E2
9.498805E0;-1.412799E2;2.427093E2
9.515470E0;-1.351912E2;2.464415E2
9.532134E0;-1.288653E2;2.501014E2
9.548799E0;-1.221411E2;2.536113E2
9.565463E0;-1.146856E2;2.576166E2
9.582128E0;-1.063374E2;2.610158E2
9.598792E0;-9.816030E1;2.644093E2
9.615457E0;-8.947326E1;2.676625E2
9.632122E0;-8.052448E1;2.705854E2
9.648786E0;-7.112178E1;2.731748E2
9.665451E0;-6.137739E1;2.757803E2
9.682115E0;-5.146942E1;2.779034E2
9.698780E0;-4.111892E1;2.799784E2
9.715444E0;-3.116434E1;2.815436E2
9.732109E0;-2.073936E1;2.827464E2
9.748774E0;-1.033892E1;2.834147E2
9.765438E0;7.435175E-1;2.838716E2
9.782103E0;1.110803E1;2.839476E2
9.798767E0;2.135708E1;2.835804E2
9.815432E0;3.181956E1;2.825043E2
9.832096E0;4.222304E1;2.814762E2
9.848761E0;5.156285E1;2.802240E2
9.865426E0;6.095365E1;2.782251E2
9.882090E0;7.063058E1;2.769085E2
9.898755E0;7.931408E1;2.745617E2
9.915419E0;8.785516E1;2.721363E2
9.932084E0;9.574812E1;2.700418E2
9.948748E0;1.038669E2;2.674093E2
9.965413E0;1.107954E2;2.648388E2
9.982078E0;1.177020E2;2.622129E2
9.998742E0;1.239402E2;2.594164E2
1.001541E1;1.300610E2;2.565671E2
1.003207E1;1.352999E2;2.542619E2
1.004874E1;1.405793E2;2.518574E2
1.006540E1;1.443811E2;2.494281E2
1.008206E1;1.485693E2;2.472254E2
1.009873E1;1.514730E2;2.453270E2
1.011539E1;1.543460E2;2.434811E2
1.013206E1;1.568670E2;2.417821E2
1.014872E1;1.589198E2;2.408454E2
1.016539E1;1.601166E2;2.400844E2
1.018205E1;1.609500E2;2.395002E2
1.019872E1;1.611894E2;2.394746E2
1.021538E1;1.611336E2;2.395283E2
1.023205E1;1.608243E2;2.395908E2
1.024871E1;1.594278E2;2.409402E2
1.026538E1;1.575453E2;2.417864E2
1.028204E1;1.553845E2;2.431125E2
1.029870E1;1.525119E2;2.446668E2
1.031537E1;1.491476E2;2.463263E2
1.033203E1;1.458601E2;2.480162E2
1.034870E1;1.410883E2;2.504922E2
1.036536E1;1.367246E2;2.529398E2
1.038203E1;1.313180E2;2.553858E2
1.039869E1;1.258038E2;2.581102E2
1.041536E1;1.198652E2;2.610336E2
1.043202E1;1.138840E2;2.636314E2
1.044869E1;1.072810E2;2.662791E2
1.046535E1;1.002493E2;2.688530E2
1.048201E1;9.294911E1;2.713184E2
1.049868E1;8.553959E1;2.736638E2
1.051534E1;7.761316E1;2.756298E2
1.053201E1;6.936210E1;2.778257E2
1.054867E1;6.125004E1;2.792225E2
1.056534E1;5.231691E1;2.804837E2
1.058200E1;4.355225E1;2.821536E2
1.059867E1;3.490130E1;2.831086E2
1.061533E1;2.577838E1;2.835920E2
1.063200E1;1.657610E1;2.843322E2
1.064866E1;7.158840E0;2.848611E2
1.066532E1;-1.998396E0;2.851461E2
1.068199E1;-1.103008E1;2.849800E2
1.069865E1;-2.011824E1;2.845735E2
1.071532E1;-2.920216E1;2.835220E2
1.073198E1;-3.756402E1;2.823552E2
1.074865E1;-4.570759E1;2.811054E2
1.076531E1;-5.363073E1;2.791823E2
1.078198E1;-6.149115E1;2.771596E2
1.079864E1;-6.912516E1;2.753604E2
1.081531E1;-7.673364E1;2.731032E2
1.083197E1;-8.344385E1;2.708119E2
1.084864E1;-9.026988E1;2.682852E2
1.086530E1;-9.626232E1;2.661322E2
1.088196E1;-1.018383E2;2.637543E2
1.089863E1;-1.070810E2;2.614149E2
1.091529E1;-1.115510E2;2.592978E2
1.093196E1;-1.164736E2;2.570442E2
1.094862E1;-1.204418E2;2.553703E2
1.096529E1;-1.245101E2;2.533654E2
1.098195E1;-1.280415E2;2.513169E2
1.099862E1;-1.300629E2;2.496257E2
1.101528E1;-1.329882E2;2.481908E2
1.103195E1;-1.350005E2;2.467701E2
1.104861E1;-1.364502E2;2.462330E2
1.106527E1;-1.380703E2;2.452581E2
1.108194E1;-1.384372E2;2.446931E2
1.109860E1;-1.384593E2;2.444615E2
1.111527E1;-1.383626E2;2.444299E2
1.113193E1;-1.382162E2;2.449618E2
1.114860E1;-1.372295E2;2.455756E2
1.116526E1;-1.359576E2;2.462001E2
1.118193E1;-1.342668E2;2.473218E2
1.119859E1;-1.319426E2;2.486832E2
1.121526E1;-1.297412E2;2.500804E2
1.123192E1;-1.269492E2;2.517739E2
1.124858E1;-1.240106E2;2.532170E2
1.126525E1;-1.205319E2;2.553725E2
1.128191E1;-1.166385E2;2.573454E2
1.129858E1;-1.124462E2;2.594548E2
1.131524E1;-1.076937E2;2.615812E2
1.133191E1;-1.023152E2;2.636313E2
1.134857E1;-9.671774E1;2.655930E2
1.136524E1;-9.092310E1;2.677652E2
1.138190E1;-8.521984E1;2.700086E2
1.139857E1;-7.885061E1;2.720722E2
1.141523E1;-7.191269E1;2.741390E2
1.143190E1;-6.489855E1;2.760280E2
1.144856E1;-5.795812E1;2.778110E2
1.146522E1;-5.041987E1;2.791751E2
1.148189E1;-4.290946E1;2.803319E2
1.149855E1;-3.521918E1;2.816206E2
1.151522E1;-2.727504E1;2.824697E2
1.153188E1;-1.978002E1;2.834339E2
1.154855E1;-1.186005E1;2.840750E2
1.156521E1;-3.637583E0;2.841569E2
1.158188E1;4.440962E0;2.841394E2
1.159854E1;1.234808E1;2.841651E2
1.161521E1;2.018510E1;2.838464E2
1.163187E1;2.814451E1;2.833980E2
1.164853E1;3.527167E1;2.828524E2
1.166520E1;4.291770E1;2.819247E2
1.168186E1;5.000750E1;2.809473E2
1.169853E1;5.722946E1;2.797771E2
1.171519E1;6.368594E1;2.787581E2
1.173186E1;6.995795E1;2.774788E2
1.174852E1;7.634987E1;2.759313E2
1.176519E1;8.234920E1;2.742993E2
1.178185E1;8.782886E1;2.720826E2
1.179852E1;9.277553E1;2.705522E2
1.181518E1;9.803205E1;2.689632E2
1.183184E1;1.024692E2;2.673515E2
1.184851E1;1.067990E2;2.658001E2
1.186517E1;1.107003E2;2.643326E2
1.188184E1;1.139342E2;2.631828E2
1.189850E1;1.170719E2;2.618329E2
1.191517E1;1.191904E2;2.612306E2
1.193183E1;1.213473E2;2.604250E2
1.194850E1;1.230438E2;2.595971E2
1.196516E1;1.242954E2;2.595180E2
1.198183E1;1.250881E2;2.588323E2
1.199849E1;1.257720E2;2.581045E2
1.201516E1;1.259122E2;2.580965E2
1.203182E1;1.257061E2;2.578672E2
1.204848E1;1.249233E2;2.581452E2
1.206515E1;1.240295E2;2.584994E2
1.208181E1;1.223825E2;2.593832E2
1.209848E1;1.202858E2;2.603648E2
1.211514E1;1.180668E2;2.612492E2
1.213181E1;1.152878E2;2.623443E2
1.214847E1;1.121779E2;2.638879E2
1.216514E1;1.086139E2;2.654117E2
1.218180E1;1.048417E2;2.666711E2
1.219847E1;1.007682E2;2.681024E2
1.221513E1;9.649206E1;2.696631E2
1.223179E1;9.135191E1;2.714385E2
1.224846E1;8.667825E1;2.728186E2
1.226512E1;8.098425E1;2.745961E2
1.228179E1;7.556041E1;2.762120E2
1.229845E1;6.963985E1;2.774177E2
1.231512E1;6.345275E1;2.786140E2
1.233178E1;5.700966E1;2.797752E2
1.234845E1;5.074163E1;2.810426E2
1.236511E1;4.393220E1;2.823142E2
1.238178E1;3.730688E1;2.831402E2
1.239844E1;3.058007E1;2.843883E2
1.241510E1;2.356351E1;2.847548E2
1.243177E1;1.627228E1;2.851642E2
1.244843E1;9.418689E0;2.853668E2
1.246510E1;2.100012E0;2.852178E2
1.248176E1;-4.912123E0;2.854963E2
1.249843E1;-1.207054E1;2.853644E2
1.251509E1;-1.883668E1;2.847144E2
1.253176E1;-2.587499E1;2.839586E2
1.254842E1;-3.214042E1;2.832293E2
1.256509E1;-3.872036E1;2.822535E2
1.258175E1;-4.460912E1;2.815425E2
1.259842E1;-5.044789E1;2.804832E2
1.261508E1;-5.635195E1;2.792772E2
1.263174E1;-6.231700E1;2.779612E2
1.264841E1;-6.697888E1;2.767160E2
1.266507E1;-7.224875E1;2.752390E2
1.268174E1;-7.726044E1;2.740351E2
1.269840E1;-8.131693E1;2.726229E2
1.271507E1;-8.513901E1;2.708930E2
1.273173E1;-8.916844E1;2.696115E2
1.274840E1;-9.293298E1;2.683203E2
1.276506E1;-9.520395E1;2.672423E2
1.278173E1;-9.863675E1;2.661421E2
1.279839E1;-1.008814E2;2.647027E2
1.281505E1;-1.034250E2;2.641255E2
1.283172E1;-1.051874E2;2.634236E2
1.284838E1;-1.064323E2;2.627154E2
1.286505E1;-1.075686E2;2.622835E2
1.288171E1;-1.086056E2;2.621477E2
1.289838E1;-1.092978E2;2.619431E2
1.291504E1;-1.093672E2;2.619980E2
1.293171E1;-1.090806E2;2.623195E2
1.294837E1;-1.086114E2;2.625737E2
1.296504E1;-1.074775E2;2.628985E2
1.298170E1;-1.065898E2;2.633030E2
1.299836E1;-1.041658E2;2.633613E2
1.301503E1;-1.022330E2;2.644274E2
1.303169E1;-1.001300E2;2.653910E2
1.304836E1;-9.787341E1;2.663011E2
1.306502E1;-9.490493E1;2.675007E2
1.308169E1;-9.132117E1;2.686347E2
1.309835E1;-8.865612E1;2.698576E2
1.311502E1;-8.495900E1;2.711670E2
1.313168E1;-8.107824E1;2.725283E2
1.314835E1;-7.724930E1;2.735363E2
1.316501E1;-7.240688E1;2.748367E2
1.318167E1;-6.723681E1;2.760028E2
1.319834E1;-6.258116E1;2.774424E2
1.321500E1;-5.754081E1;2.784611E2
1.323167E1;-5.199262E1;2.794184E2
1.324833E1;-4.681974E1;2.804485E2
1.326500E1;-4.079371E1;2.810807E2
1.328166E1;-3.540909E1;2.821337E2
1.329833E1;-2.965823E1;2.829664E2
1.331499E1;-2.336012E1;2.836215E2
1.333166E1;-1.737276E1;2.840894E2
1.334832E1;-1.098816E1;2.845817E2
1.336499E1;-5.204302E0;2.848701E2
1.338165E1;1.016059E0;2.851093E2
1.339831E1;7.329459E0;2.853370E2
1.341498E1;1.318073E1;2.852007E2
1.343164E1;1.924080E1;2.847027E2
1.344831E1;2.533168E1;2.842231E2
1.346497E1;3.098342E1;2.833695E2
1.348164E1;3.661412E1;2.828903E2
1.349830E1;4.209523E1;2.820519E2
1.351497E1;4.736308E1;2.814911E2
1.353163E1;5.233724E1;2.806738E2
1.354830E1;5.722959E1;2.796011E2
1.356496E1;6.188750E1;2.787853E2
1.358162E1;6.603103E1;2.779879E2
1.359829E1;7.028501E1;2.772125E2
1.361495E1;7.421541E1;2.762943E2
1.363162E1;7.776600E1;2.751491E2
1.364828E1;8.131488E1;2.745754E2
1.366495E1;8.412060E1;2.734976E2
1.368161E1;8.697843E1;2.730266E2
1.369828E1;8.908429E1;2.718351E2
1.371494E1;9.131467E1;2.708901E2
1.373161E1;9.305383E1;2.705165E2
1.374827E1;9.461044E1;2.698572E2
1.376493E1;9.564627E1;2.695610E2
1.378160E1;9.624132E1;2.693158E2
1.379826E1;9.681881E1;2.692924E2
1.381493E1;9.702538E1;2.691837E2
1.383159E1;9.682621E1;2.693183E2
1.384826E1;9.660182E1;2.693399E2
1.386492E1;9.585651E1;2.697124E2
1.388159E1;9.481870E1;2.700662E2
1.389825E1;9.338736E1;2.706538E2
1.391492E1;9.161415E1;2.711507E2
1.393158E1;8.958125E1;2.719530E2
1.394825E1;8.735623E1;2.722325E2
1.396491E1;8.494060E1;2.728315E2
1.398157E1;8.202474E1;2.738711E2
1.399824E1;7.890218E1;2.744373E2
1.401490E1;7.539984E1;2.753278E2
1.403157E1;7.177815E1;2.762095E2
1.404823E1;6.794809E1;2.774695E2
1.406490E1;6.382440E1;2.782000E2
1.408156E1;5.982707E1;2.793895E2
1.409823E1;5.537695E1;2.803526E2
1.411489E1;5.078457E1;2.808167E2
1.413156E1;4.602947E1;2.817186E2
1.414822E1;4.098697E1;2.824104E2
1.416488E1;3.602512E1;2.830856E2
1.418155E1;3.062423E1;2.836497E2
1.419821E1;2.533626E1;2.840496E2
1.421488E1;1.999950E1;2.844391E2
1.423154E1;1.460120E1;2.845327E2
1.424821E1;9.128816E0;2.851145E2
1.426487E1;3.844911E0;2.851171E2
1.428154E1;-1.537036E0;2.854761E2
1.429820E1;-7.438443E0;2.852177E2
1.431487E1;-1.221152E1;2.853450E2
1.433153E1;-1.757322E1;2.851279E2
1.434819E1;-2.253136E1;2.848806E2
1.436486E1;-2.760410E1;2.841891E2
1.438152E1;-3.218919E1;2.836810E2
1.439819E1;-3.680412E1;2.829615E2
1.441485E1;-4.121930E1;2.821302E2
1.443152E1;-4.566456E1;2.813227E2
1.444818E1;-4.966243E1;2.806560E2
1.446485E1;-5.356050E1;2.799041E2
1.448151E1;-5.742469E1;2.792553E2
1.449818E1;-6.085699E1;2.786955E2
1.451484E1;-6.353918E1;2.777977E2
1.453151E1;-6.702514E1;2.768621E2
1.454817E1;-6.965380E1;2.763083E2
1.456483E1;-7.226551E1;2.755327E2
1.458150E1;-7.448989E1;2.750762E2
1.459816E1;-7.655611E1;2.745377E2
1.461483E1;-7.847013E1;2.739540E2
1.463149E1;-7.997988E1;2.735074E2
1.464816E1;-8.094585E1;2.730823E2
1.466482E1;-8.187577E1;2.727482E2
1.468149E1;-8.270411E1;2.724397E2
1.469815E1;-8.327416E1;2.723487E2
1.471482E1;-8.343239E1;2.721237E2
1.473148E1;-8.327392E1;2.722029E2
1.474814E1;-8.266248E1;2.724536E2
1.476481E1;-8.184686E1;2.725177E2
1.478147E1;-8.114394E1;2.727680E2
1.479814E1;-7.991388E1;2.731089E2
1.481480E1;-7.879476E1;2.738699E2
1.483147E1;-7.693022E1;2.743054E2
1.484813E1;-7.475646E1;2.748538E2
1.486480E1;-7.281520E1;2.752753E2
1.488146E1;-7.027766E1;2.761841E2
1.489813E1;-6.770445E1;2.765856E2
1.491479E1;-6.516568E1;2.773071E2
1.493145E1;-6.158064E1;2.780427E2
1.494812E1;-5.837126E1;2.783053E2
1.496478E1;-5.495376E1;2.791868E2
1.498145E1;-5.169552E1;2.802727E2
1.499811E1;-4.769871E1;2.807966E2
1.501478E1;-4.390333E1;2.813476E2
1.503144E1;-4.000613E1;2.821425E2
1.504811E1;-3.625754E1;2.829494E2
1.506477E1;-3.250398E1;2.835272E2
1.508144E1;-2.781031E1;2.839535E2
1.509810E1;-2.343994E1;2.842293E2
1.511477E1;-1.884864E1;2.845599E2
1.513143E1;-1.393280E1;2.847760E2
1.514809E1;-9.291902E0;2.850447E2
1.516476E1;-4.310710E0;2.849990E2
1.518142E1;2.441558E-1;2.850766E2
1.519809E1;5.027581E0;2.849121E2
1.521475E1;9.601863E0;2.847418E2
1.523142E1;1.365648E1;2.844538E2
1.524808E1;1.845852E1;2.844780E2
1.526475E1;2.286619E1;2.843074E2
1.528141E1;2.684456E1;2.841402E2
1.529808E1;3.101261E1;2.834995E2
1.531474E1;3.502814E1;2.832242E2
1.533140E1;3.903236E1;2.828388E2
1.534807E1;4.256044E1;2.823631E2
1.536473E1;4.627361E1;2.819098E2
1.538140E1;4.973173E1;2.812054E2
1.539806E1;5.270909E1;2.803709E2
1.541473E1;5.586863E1;2.798622E2
1.543139E1;5.869551E1;2.793772E2
1.544806E1;6.140927E1;2.789029E2
1.546472E1;6.365645E1;2.781656E2
1.548139E1;6.587163E1;2.780097E2
1.549805E1;6.792302E1;2.773875E2
1.551471E1;6.938561E1;2.772098E2
1.553138E1;7.072006E1;2.773118E2
1.554804E1;7.198462E1;2.768269E2
1.556471E1;7.283463E1;2.765445E2
1.558137E1;7.314209E1;2.765949E2
1.559804E1;7.359768E1;2.762159E2
1.561470E1;7.378522E1;2.763284E2
1.563137E1;7.390055E1;2.763615E2
1.564803E1;7.372203E1;2.761391E2
1.566470E1;7.316992E1;2.762457E2
1.568136E1;7.228938E1;2.763285E2
1.569803E1;7.118967E1;2.766453E2
1.571469E1;6.989812E1;2.769080E2
1.573135E1;6.836802E1;2.771967E2
1.574802E1;6.654866E1;2.778224E2
1.576468E1;6.440270E1;2.781878E2
1.578135E1;6.233396E1;2.787907E2
1.579801E1;5.993405E1;2.791560E2
1.581468E1;5.753091E1;2.797423E2
1.583134E1;5.468238E1;2.802265E2
1.584801E1;5.173219E1;2.807432E2
1.586467E1;4.889303E1;2.810068E2
1.588134E1;4.578444E1;2.814536E2
1.589800E1;4.237136E1;2.819507E2
1.591466E1;3.888555E1;2.822683E2
1.593133E1;3.540875E1;2.828190E2
1.594799E1;3.150920E1;2.829700E2
1.596466E1;2.749565E1;2.834691E2
1.598132E1;2.381406E1;2.835513E2
1.599799E1;1.980276E1;2.844571E2
1.601465E1;1.553102E1;2.844152E2
1.603132E1;1.146963E1;2.848726E2
1.604798E1;7.395452E0;2.848427E2
1.606465E1;3.463102E0;2.848884E2
1.608131E1;-8.376757E-1;2.848249E2
1.609797E1;-4.899168E0;2.847839E2
1.611464E1;-8.975605E0;2.847735E2
1.613130E1;-1.302079E1;2.847026E2
1.614797E1;-1.703861E1;2.842927E2
1.616463E1;-2.067428E1;2.843271E2
1.618130E1;-2.450943E1;2.841171E2
1.619796E1;-2.810934E1;2.837458E2
1.621463E1;-3.130796E1;2.834984E2
1.623129E1;-3.475343E1;2.830125E2
1.624796E1;-3.767906E1;2.828044E2
1.626462E1;-4.072283E1;2.824050E2
1.628129E1;-4.323979E1;2.818143E2
1.629795E1;-4.607733E1;2.812301E2
1.631461E1;-4.807891E1;2.809452E2
1.633128E1;-5.043491E1;2.804670E2
1.634794E1;-5.265655E1;2.802541E2
1.636461E1;-5.439734E1;2.796981E2
1.638127E1;-5.634403E1;2.794848E2
1.639794E1;-5.807592E1;2.791720E2
1.641460E1;-5.928663E1;2.790509E2
1.643127E1;-6.078339E1;2.784654E2
1.644793E1;-6.166774E1;2.783323E2
1.646460E1;-6.215452E1;2.781288E2
1.648126E1;-6.269043E1;2.781201E2
1.649792E1;-6.293087E1;2.780208E2
1.651459E1;-6.296535E1;2.782340E2
1.653125E1;-6.293077E1;2.782870E2
1.654792E1;-6.264483E1;2.784103E2
1.656458E1;-6.237413E1;2.783807E2
1.658125E1;-6.136693E1;2.784181E2
1.659791E1;-6.021351E1;2.786873E2
1.661458E1;-5.926011E1;2.789320E2
1.663124E1;-5.784437E1;2.790689E2
1.664791E1;-5.646683E1;2.791222E2
1.666457E1;-5.472234E1;2.795963E2
1.668123E1;-5.300114E1;2.798337E2
1.669790E1;-5.097692E1;2.801041E2
1.671456E1;-4.879362E1;2.807374E2
1.673123E1;-4.696566E1;2.810546E2
1.674789E1;-4.415441E1;2.816133E2
1.676456E1;-4.163855E1;2.818454E2
1.678122E1;-3.919328E1;2.823277E2
1.679789E1;-3.622957E1;2.828095E2
1.681455E1;-3.310730E1;2.830755E2
1.683122E1;-3.007401E1;2.833139E2
1.684788E1;-2.696445E1;2.837882E2
1.686454E1;-2.350126E1;2.840795E2
1.688121E1;-2.034141E1;2.841792E2
1.689787E1;-1.719614E1;2.841505E2
1.691454E1;-1.391937E1;2.847109E2
1.693120E1;-1.022966E1;2.847730E2
1.694787E1;-6.442763E0;2.846103E2
1.696453E1;-2.938288E0;2.847465E2
1.698120E1;6.639288E-1;2.846854E2
1.699786E1;4.281130E0;2.847811E2
1.701453E1;7.737472E0;2.844190E2
1.703119E1;1.120256E1;2.846698E2
1.704786E1;1.451379E1;2.844590E2
1.706452E1;1.761205E1;2.842870E2
1.708118E1;2.086999E1;2.839611E2
1.709785E1;2.417908E1;2.836835E2
1.711451E1;2.721086E1;2.834635E2
1.713118E1;2.998612E1;2.832427E2
1.714784E1;3.287861E1;2.830494E2
1.716451E1;3.572166E1;2.825041E2
1.718117E1;3.811415E1;2.823230E2
1.719784E1;4.027926E1;2.823905E2
1.721450E1;4.248761E1;2.817902E2
1.723117E1;4.473561E1;2.819947E2
1.724783E1;4.677471E1;2.816730E2
1.726449E1;4.865122E1;2.812900E2
1.728116E1;5.010982E1;2.810152E2
1.729782E1;5.140890E1;2.807992E2
1.731449E1;5.283972E1;2.807967E2
1.733115E1;5.340955E1;2.804897E2
1.734782E1;5.406480E1;2.802928E2
1.736448E1;5.467886E1;2.803275E2
1.738115E1;5.491107E1;2.802074E2
1.739781E1;5.518578E1;2.803638E2
1.741448E1;5.531515E1;2.801865E2
1.743114E1;5.522337E1;2.801893E2
1.744780E1;5.501608E1;2.802715E2
1.746447E1;5.480989E1;2.803677E2
1.748113E1;5.431695E1;2.804185E2
1.749780E1;5.342100E1;2.805617E2
1.751446E1;5.228710E1;2.806687E2
1.753113E1;5.131391E1;2.809349E2
1.754779E1;4.985781E1;2.809696E2
1.756446E1;4.836224E1;2.811207E2
1.758112E1;4.657369E1;2.812506E2
1.759779E1;4.460469E1;2.812922E2
1.761445E1;4.265552E1;2.818234E2
1.763112E1;4.057977E1;2.822462E2
1.764778E1;3.827269E1;2.822901E2
1.766444E1;3.631356E1;2.825980E2
1.768111E1;3.375766E1;2.827119E2
1.769777E1;3.125425E1;2.830658E2
1.771444E1;2.871553E1;2.835291E2
1.773110E1;2.639339E1;2.837017E2
1.774777E1;2.343937E1;2.838097E2
1.776443E1;2.054716E1;2.840730E2
1.778110E1;1.750087E1;2.842666E2
1.779776E1;1.433723E1;2.843251E2
1.781443E1;1.130339E1;2.845903E2
1.783109E1;8.226264E0;2.846274E2
1.784775E1;4.837992E0;2.846428E2
1.786442E1;1.996736E0;2.846571E2
1.788108E1;-1.005956E0;2.845175E2
1.789775E1;-3.745001E0;2.847489E2
1.791441E1;-6.836218E0;2.844530E2
1.793108E1;-9.871509E0;2.844913E2
1.794774E1;-1.275804E1;2.844887E2
1.796441E1;-1.605180E1;2.844039E2
1.798107E1;-1.865283E1;2.846005E2
1.799774E1;-2.095583E1;2.843226E2
1.801440E1;-2.364110E1;2.842536E2
1.803106E1;-2.598119E1;2.839969E2
1.804773E1;-2.813358E1;2.835077E2
1.806439E1;-3.066253E1;2.836431E2
1.808106E1;-3.278501E1;2.833686E2
1.809772E1;-3.440854E1;2.829063E2
1.811439E1;-3.669027E1;2.825377E2
1.813105E1;-3.804001E1;2.822512E2
1.814772E1;-3.968370E1;2.823475E2
1.816438E1;-4.144910E1;2.821713E2
1.818105E1;-4.265228E1;2.820552E2
1.819771E1;-4.397522E1;2.818498E2
1.821438E1;-4.476358E1;2.818081E2
1.823104E1;-4.522786E1;2.816041E2
1.824770E1;-4.578396E1;2.814372E2
1.826437E1;-4.648581E1;2.813811E2
1.828103E1;-4.684979E1;2.812888E2
1.829770E1;-4.716990E1;2.812415E2
1.831436E1;-4.708090E1;2.812762E2
1.833103E1;-4.702119E1;2.812824E2
1.834769E1;-4.679262E1;2.813153E2
1.836436E1;-4.644546E1;2.814938E2
1.838102E1;-4.619163E1;2.814039E2
1.839769E1;-4.498421E1;2.815519E2
1.841435E1;-4.438022E1;2.815681E2
1.843101E1;-4.324394E1;2.816436E2
1.844768E1;-4.213919E1;2.818773E2
1.846434E1;-4.048602E1;2.823509E2
1.848101E1;-3.952433E1;2.825319E2
1.849767E1;-3.798800E1;2.825342E2
1.851434E1;-3.619055E1;2.826112E2
1.853100E1;-3.436116E1;2.828685E2
1.854767E1;-3.279076E1;2.832640E2
1.856433E1;-3.093932E1;2.835316E2
1.858100E1;-2.903273E1;2.836110E2
1.859766E1;-2.668424E1;2.838402E2
1.861432E1;-2.471183E1;2.840116E2
1.863099E1;-2.249708E1;2.843432E2
1.864765E1;-1.993584E1;2.845979E2
1.866432E1;-1.735341E1;2.847843E2
1.868098E1;-1.507879E1;2.848371E2
1.869765E1;-1.239512E1;2.849627E2
1.871431E1;-1.006164E1;2.851852E2
1.873098E1;-7.164135E0;2.853834E2
1.874764E1;-4.727137E0;2.854442E2
1.876431E1;-2.179503E0;2.853294E2
1.878097E1;6.266330E-1;2.855074E2
1.879764E1;3.104305E0;2.853612E2
1.881430E1;5.288769E0;2.853729E2
1.883096E1;8.032333E0;2.850845E2
1.884763E1;1.086221E1;2.851203E2
1.886429E1;1.338670E1;2.852315E2
1.888096E1;1.545641E1;2.849757E2
1.889762E1;1.779202E1;2.849003E2
1.891429E1;2.007291E1;2.849934E2
1.893095E1;2.257682E1;2.848667E2
1.894762E1;2.444440E1;2.846258E2
1.896428E1;2.641620E1;2.845233E2
1.898095E1;2.817137E1;2.842996E2
1.899761E1;3.030101E1;2.838143E2
1.901427E1;3.183129E1;2.835128E2
1.903094E1;3.332465E1;2.834004E2
1.904760E1;3.485007E1;2.830194E2
1.906427E1;3.618696E1;2.828525E2
1.908093E1;3.747646E1;2.826049E2
1.909760E1;3.821187E1;2.826215E2
1.911426E1;3.912149E1;2.825634E2
1.913093E1;3.979300E1;2.822175E2
1.914759E1;4.038111E1;2.823889E2
1.916426E1;4.075358E1;2.822934E2
1.918092E1;4.112554E1;2.823431E2
1.919758E1;4.133662E1;2.824030E2
1.921425E1;4.126036E1;2.826026E2
1.923091E1;4.100025E1;2.824955E2
1.924758E1;4.098658E1;2.824631E2
1.926424E1;4.055722E1;2.825393E2
1.928091E1;3.997983E1;2.825006E2
1.929757E1;3.948997E1;2.825217E2
1.931424E1;3.879681E1;2.825660E2
1.933090E1;3.784569E1;2.824937E2
1.934757E1;3.674998E1;2.827507E2
1.936423E1;3.563321E1;2.827529E2
1.938090E1;3.399159E1;2.828711E2
1.939756E1;3.279482E1;2.833632E2
1.941422E1;3.134117E1;2.837474E2
1.943089E1;2.973019E1;2.835681E2
1.944755E1;2.804289E1;2.836300E2
1.946422E1;2.603662E1;2.836354E2
1.948088E1;2.456445E1;2.837471E2
1.949755E1;2.288595E1;2.838284E2
1.951421E1;2.097802E1;2.839535E2
1.953088E1;1.899116E1;2.838591E2
1.954754E1;1.694850E1;2.840196E2
1.956421E1;1.494749E1;2.839170E2
1.958087E1;1.257678E1;2.844455E2
1.959753E1;1.014030E1;2.844145E2
1.961420E1;8.234493E0;2.846252E2
1.963086E1;5.825774E0;2.845447E2
1.964753E1;3.280868E0;2.847512E2
1.966419E1;8.641185E-1;2.850063E2
1.968086E1;-1.145056E0;2.851885E2
1.969752E1;-3.184955E0;2.851449E2
1.971419E1;-5.385624E0;2.852266E2
1.973085E1;-7.078901E0;2.850487E2
1.974752E1;-9.356300E0;2.849398E2
1.976418E1;-1.165922E1;2.849109E2
1.978084E1;-1.389600E1;2.845915E2
1.979751E1;-1.605867E1;2.845561E2
1.981417E1;-1.789268E1;2.846670E2
1.983084E1;-2.000800E1;2.843343E2
1.984750E1;-2.168395E1;2.844303E2
1.986417E1;-2.336841E1;2.844500E2
1.988083E1;-2.526827E1;2.841455E2
1.989750E1;-2.643811E1;2.842863E2
1.991416E1;-2.788839E1;2.841653E2
1.993083E1;-2.918871E1;2.841090E2
1.994749E1;-3.008884E1;2.839391E2
1.996416E1;-3.114240E1;2.836692E2
1.998082E1;-3.202856E1;2.836328E2
1.999748E1;-3.246410E1;2.832999E2
2.001415E1;-3.328180E1;2.832717E2
2.003081E1;-3.398540E1;2.832372E2
2.004748E1;-3.445543E1;2.831598E2
2.006414E1;-3.481970E1;2.831967E2
2.008081E1;-3.493576E1;2.832517E2
2.009747E1;-3.515862E1;2.831728E2
2.011414E1;-3.513712E1;2.831142E2
2.013080E1;-3.504817E1;2.832217E2
2.014747E1;-3.478212E1;2.832902E2
2.016413E1;-3.455469E1;2.833917E2
2.018079E1;-3.390477E1;2.833932E2
2.019746E1;-3.350639E1;2.835028E2
2.021412E1;-3.283422E1;2.835718E2
2.023079E1;-3.191082E1;2.836060E2
2.024745E1;-3.127734E1;2.837437E2
2.026412E1;-3.034337E1;2.836846E2
2.028078E1;-2.936282E1;2.838656E2
2.029745E1;-2.791341E1;2.837973E2
2.031411E1;-2.661073E1;2.841278E2
2.033078E1;-2.538363E1;2.842269E2
2.034744E1;-2.411827E1;2.842540E2
2.036410E1;-2.249605E1;2.843395E2
2.038077E1;-2.059860E1;2.847890E2
2.039743E1;-1.896252E1;2.848105E2
2.041410E1;-1.715465E1;2.847849E2
2.043076E1;-1.537355E1;2.846836E2
2.044743E1;-1.329090E1;2.850752E2
2.046409E1;-1.166576E1;2.849664E2
2.048076E1;-9.833621E0;2.848392E2
2.049742E1;-7.816561E0;2.847839E2
2.051409E1;-5.675154E0;2.848475E2
2.053075E1;-3.748038E0;2.851009E2
2.054741E1;-1.711475E0;2.848659E2
2.056408E1;-8.386810E-2;2.848074E2
2.058074E1;1.899358E0;2.848051E2
2.059741E1;4.050810E0;2.846489E2
2.061407E1;6.043389E0;2.848045E2
2.063074E1;7.867601E0;2.847989E2
2.064740E1;9.793585E0;2.845855E2
2.066407E1;1.169702E1;2.845403E2
2.068073E1;1.344135E1;2.845911E2
2.069740E1;1.487746E1;2.844422E2
2.071406E1;1.639907E1;2.845619E2
2.073073E1;1.790871E1;2.844279E2
2.074739E1;1.954377E1;2.844247E2
2.076405E1;2.080800E1;2.842629E2
2.078072E1;2.192072E1;2.842324E2
2.079738E1;2.341856E1;2.842027E2
2.081405E1;2.445299E1;2.842231E2
2.083071E1;2.568482E1;2.840743E2
2.084738E1;2.683015E1;2.842843E2
2.086404E1;2.773818E1;2.841313E2
2.088071E1;2.845019E1;2.841616E2
2.089737E1;2.919443E1;2.839268E2
2.091404E1;2.983861E1;2.837134E2
2.093070E1;3.011302E1;2.837579E2
2.094736E1;3.046236E1;2.836863E2
2.096403E1;3.045275E1;2.836342E2
2.098069E1;3.055956E1;2.836188E2
2.099736E1;3.133591E1;2.831604E2
2.101402E1;3.134380E1;2.831006E2
2.103069E1;3.103889E1;2.830420E2
2.104735E1;3.080846E1;2.830580E2
2.106402E1;3.061183E1;2.832159E2
2.108068E1;3.002672E1;2.832919E2
2.109735E1;2.960693E1;2.833813E2
2.111401E1;2.881898E1;2.832996E2
2.113067E1;2.855707E1;2.836548E2
2.114734E1;2.777531E1;2.836993E2
2.116400E1;2.665971E1;2.836339E2
2.118067E1;2.539306E1;2.838262E2
2.119733E1;2.443746E1;2.837677E2
2.121400E1;2.340291E1;2.838215E2
2.123066E1;2.210549E1;2.838682E2
2.124733E1;2.058046E1;2.837507E2
2.126399E1;1.961527E1;2.836339E2
2.128066E1;1.833279E1;2.839286E2
2.129732E1;1.680466E1;2.838365E2
2.131399E1;1.556589E1;2.841492E2
2.133065E1;1.375899E1;2.843443E2
2.134731E1;1.238742E1;2.844436E2
2.136398E1;1.068026E1;2.843943E2
2.138064E1;9.116768E0;2.845150E2
2.139731E1;7.304146E0;2.846565E2
2.141397E1;5.500407E0;2.844934E2
2.143064E1;4.001102E0;2.845380E2
2.144730E1;2.173425E0;2.846741E2
2.146397E1;4.389069E-1;2.847997E2
2.148063E1;-1.524813E0;2.847448E2
2.149730E1;-3.249097E0;2.847384E2
2.151396E1;-4.652076E0;2.845028E2
2.153062E1;-6.311906E0;2.844649E2
2.154729E1;-7.633912E0;2.845335E2
2.156395E1;-9.211705E0;2.846012E2
2.158062E1;-1.082199E1;2.845288E2
2.159728E1;-1.202796E1;2.845868E2
2.161395E1;-1.339618E1;2.844491E2
2.163061E1;-1.505929E1;2.843212E2
2.164728E1;-1.634330E1;2.845034E2
2.166394E1;-1.772201E1;2.844385E2
2.168061E1;-1.886395E1;2.843129E2
2.169727E1;-2.000274E1;2.844821E2
2.171393E1;-2.095060E1;2.843802E2
2.173060E1;-2.183282E1;2.843798E2
2.174726E1;-2.258009E1;2.841651E2
2.176393E1;-2.349420E1;2.842865E2
2.178059E1;-2.425650E1;2.842359E2
2.179726E1;-2.446629E1;2.843547E2
2.181392E1;-2.513173E1;2.840483E2
2.183059E1;-2.511835E1;2.843211E2
2.184725E1;-2.573170E1;2.841833E2
2.186392E1;-2.607046E1;2.842529E2
2.188058E1;-2.615951E1;2.841474E2
2.189725E1;-2.608129E1;2.842121E2
2.191391E1;-2.618006E1;2.844271E2
2.193057E1;-2.597260E1;2.843896E2
2.194724E1;-2.584614E1;2.844032E2
2.196390E1;-2.559110E1;2.843317E2
2.198057E1;-2.521645E1;2.843099E2
2.199723E1;-2.489514E1;2.844091E2
2.201390E1;-2.442213E1;2.845269E2
2.203056E1;-2.421117E1;2.844558E2
2.204723E1;-2.309754E1;2.845657E2
2.206389E1;-2.222001E1;2.845390E2
2.208056E1;-2.122862E1;2.845373E2
2.209722E1;-2.035527E1;2.846429E2
2.211388E1;-1.946192E1;2.846733E2
2.213055E1;-1.863006E1;2.847422E2
2.214721E1;-1.724363E1;2.848087E2
2.216388E1;-1.608199E1;2.848215E2
2.218054E1;-1.474852E1;2.848202E2
2.219721E1;-1.367410E1;2.847756E2
2.221387E1;-1.224967E1;2.847240E2
2.223054E1;-1.047747E1;2.848677E2
2.224720E1;-9.241348E0;2.848897E2
2.226387E1;-7.733300E0;2.848071E2
2.228053E1;-6.498377E0;2.847794E2
2.229719E1;-5.027417E0;2.848723E2
2.231386E1;-3.867227E0;2.850913E2
2.233052E1;-2.138450E0;2.851790E2
2.234719E1;-7.707484E-1;2.851267E2
2.236385E1;7.581671E-1;2.852417E2
2.238052E1;2.234829E0;2.852725E2
2.239718E1;3.267195E0;2.852829E2
2.241385E1;4.857820E0;2.852037E2
2.243051E1;6.645289E0;2.851248E2
2.244718E1;7.629647E0;2.848960E2
2.246384E1;8.832344E0;2.845880E2
2.248051E1;1.029993E1;2.846217E2
2.249717E1;1.148129E1;2.848558E2
2.251383E1;1.270589E1;2.845873E2
2.253050E1;1.373240E1;2.844623E2
2.254716E1;1.498913E1;2.845851E2
2.256383E1;1.593733E1;2.844725E2
2.258049E1;1.696413E1;2.845570E2
2.259716E1;1.774812E1;2.843698E2
2.261382E1;1.855640E1;2.844631E2
2.263049E1;1.913794E1;2.846546E2
2.264715E1;1.972835E1;2.843322E2
2.266382E1;2.037376E1;2.843726E2
2.268048E1;2.067287E1;2.842033E2
2.269714E1;2.139941E1;2.843041E2
2.271381E1;2.171189E1;2.843897E2
2.273047E1;2.194023E1;2.840425E2
2.274714E1;2.234802E1;2.843626E2
2.276380E1;2.253132E1;2.844790E2
2.278047E1;2.240624E1;2.843593E2
2.279713E1;2.244384E1;2.843412E2
2.281380E1;2.243408E1;2.845391E2
2.283046E1;2.214580E1;2.844321E2
2.284713E1;2.214633E1;2.844318E2
2.286379E1;2.183526E1;2.844588E2
2.288045E1;2.173184E1;2.844286E2
2.289712E1;2.125650E1;2.844772E2
2.291378E1;2.076347E1;2.843912E2
2.293045E1;2.040481E1;2.844678E2
2.294711E1;1.968660E1;2.847105E2
2.296378E1;1.884966E1;2.847043E2
2.298044E1;1.780332E1;2.844549E2
2.299711E1;1.646074E1;2.850160E2
2.301377E1;1.589356E1;2.850510E2
2.303044E1;1.486703E1;2.851345E2
2.304710E1;1.413663E1;2.851507E2
2.306377E1;1.315390E1;2.853574E2
2.308043E1;1.204323E1;2.854130E2
2.309709E1;1.116075E1;2.854374E2
2.311376E1;9.826778E0;2.854318E2
2.313042E1;8.842071E0;2.853130E2
2.314709E1;7.673536E0;2.854429E2
2.316375E1;6.201270E0;2.852251E2
2.318042E1;5.068057E0;2.853182E2
2.319708E1;3.941293E0;2.851750E2
2.321375E1;2.982301E0;2.851492E2
2.323041E1;1.368222E0;2.853967E2
2.324708E1;1.741715E-1;2.853700E2
2.326374E1;-7.055855E-1;2.854346E2
2.328040E1;-1.885023E0;2.854503E2
2.329707E1;-3.151224E0;2.853321E2
2.331373E1;-4.428802E0;2.855188E2
2.333040E1;-5.771519E0;2.854542E2
2.334706E1;-6.958306E0;2.854264E2
2.336373E1;-7.728233E0;2.853895E2
2.338039E1;-8.902225E0;2.853063E2
2.339706E1;-9.803033E0;2.852722E2
2.341372E1;-1.086924E1;2.853544E2
2.343039E1;-1.181530E1;2.852830E2
2.344705E1;-1.292011E1;2.851918E2
2.346371E1;-1.357921E1;2.851965E2
2.348038E1;-1.450177E1;2.853028E2
2.349704E1;-1.501280E1;2.851127E2
2.351371E1;-1.567825E1;2.851903E2
2.353037E1;-1.624003E1;2.852158E2
2.354704E1;-1.672855E1;2.852205E2
2.356370E1;-1.747042E1;2.853183E2
2.358037E1;-1.775937E1;2.852072E2
2.359703E1;-1.788015E1;2.850403E2
2.361370E1;-1.837348E1;2.849812E2
2.363036E1;-1.868275E1;2.849818E2
2.364703E1;-1.872781E1;2.849427E2
2.366369E1;-1.891411E1;2.847077E2
2.368035E1;-1.886106E1;2.846053E2
2.369702E1;-1.881620E1;2.846027E2
2.371368E1;-1.878847E1;2.845757E2
2.373035E1;-1.879591E1;2.847037E2
2.374701E1;-1.878921E1;2.846584E2
2.376368E1;-1.864875E1;2.847139E2
2.378034E1;-1.858102E1;2.847004E2
2.379701E1;-1.788929E1;2.849739E2
2.381367E1;-1.746843E1;2.848486E2
2.383034E1;-1.692977E1;2.848996E2
2.384700E1;-1.627474E1;2.848878E2
2.386366E1;-1.580266E1;2.848137E2
2.388033E1;-1.534214E1;2.848098E2
2.389699E1;-1.464795E1;2.847690E2
2.391366E1;-1.393933E1;2.848248E2
2.393032E1;-1.313196E1;2.845329E2
2.394699E1;-1.201484E1;2.846365E2
2.396365E1;-1.118438E1;2.847053E2
2.398032E1;-1.007926E1;2.849302E2
2.399698E1;-9.369443E0;2.848313E2
2.401365E1;-8.254127E0;2.850991E2
2.403031E1;-7.204104E0;2.852382E2
2.404697E1;-6.322357E0;2.852600E2
2.406364E1;-5.066450E0;2.852912E2
2.408030E1;-4.232135E0;2.854618E2
2.409697E1;-3.368053E0;2.854196E2
2.411363E1;-2.379935E0;2.853590E2
2.413030E1;-1.399412E0;2.854141E2
2.414696E1;-4.038208E-1;2.853776E2
2.416363E1;7.500869E-1;2.853040E2
2.418029E1;1.832447E0;2.851779E2
2.419696E1;2.863293E0;2.853301E2
2.421362E1;3.836876E0;2.853761E2
2.423028E1;4.989021E0;2.853510E2
2.424695E1;5.983561E0;2.853078E2
2.426361E1;6.776799E0;2.852346E2
2.428028E1;7.832574E0;2.852856E2
2.429694E1;8.513657E0;2.853866E2
2.431361E1;9.132098E0;2.853311E2
2.433027E1;9.984553E0;2.852990E2
2.434694E1;1.047006E1;2.854649E2
2.436360E1;1.118349E1;2.853890E2
2.438027E1;1.189374E1;2.851956E2
2.439693E1;1.248941E1;2.854404E2
2.441360E1;1.262558E1;2.853486E2
2.443026E1;1.317738E1;2.851092E2
2.444692E1;1.378973E1;2.852265E2
2.446359E1;1.454634E1;2.855218E2
2.448025E1;1.469378E1;2.851584E2
2.449692E1;1.503850E1;2.852347E2
2.451358E1;1.515087E1;2.853388E2
2.453025E1;1.521986E1;2.853219E2
2.454691E1;1.541848E1;2.853731E2
2.456358E1;1.558004E1;2.854617E2
2.458024E1;1.548977E1;2.854387E2
2.459691E1;1.539604E1;2.854114E2
2.461357E1;1.538384E1;2.854037E2
2.463023E1;1.528464E1;2.853787E2
2.464690E1;1.511280E1;2.853596E2
2.466356E1;1.508952E1;2.852511E2
2.468023E1;1.484923E1;2.851088E2
2.469689E1;1.468979E1;2.851855E2
2.471356E1;1.458514E1;2.853042E2
2.473022E1;1.386042E1;2.852367E2
2.474689E1;1.333100E1;2.854626E2
2.476355E1;1.287072E1;2.853510E2
2.478022E1;1.232020E1;2.854101E2
2.479688E1;1.176054E1;2.854833E2
2.481354E1;1.103801E1;2.853213E2
2.483021E1;1.044903E1;2.854081E2
2.484687E1;9.798857E0;2.852495E2
2.486354E1;9.156043E0;2.853835E2
2.488020E1;8.548093E0;2.855981E2
2.489687E1;7.624707E0;2.852467E2
2.491353E1;7.168511E0;2.854285E2
2.493020E1;6.128626E0;2.853979E2
2.494686E1;5.354315E0;2.854920E2
2.496353E1;4.578070E0;2.854077E2
2.498019E1;3.626826E0;2.854769E2
2.499686E1;2.571040E0;2.854361E2
2.501352E1;1.512649E0;2.855052E2
2.503018E1;6.521595E-1;2.857171E2
2.504685E1;-2.918535E-1;2.855236E2
2.506351E1;-1.223825E0;2.853895E2
2.508018E1;-2.126196E0;2.855523E2
2.509684E1;-2.512175E0;2.854959E2
2.511351E1;-3.682513E0;2.854752E2
2.513017E1;-4.437610E0;2.855110E2
2.514684E1;-5.171217E0;2.852703E2
2.516350E1;-5.906255E0;2.852962E2
2.518017E1;-6.486361E0;2.853562E2
2.519683E1;-7.202506E0;2.852142E2
2.521349E1;-7.752599E0;2.853141E2
2.523016E1;-8.201314E0;2.853047E2
2.524682E1;-8.926944E0;2.852868E2
2.526349E1;-9.647501E0;2.853100E2
2.528015E1;-1.009650E1;2.853837E2
2.529682E1;-1.090017E1;2.853681E2
2.531348E1;-1.132267E1;2.855225E2
2.533015E1;-1.175238E1;2.854961E2
2.534681E1;-1.207970E1;2.851639E2
2.536348E1;-1.232957E1;2.851640E2
2.538014E1;-1.242688E1;2.852741E2
2.539680E1;-1.258639E1;2.853829E2
2.541347E1;-1.290149E1;2.852781E2
2.543013E1;-1.306645E1;2.850982E2
2.544680E1;-1.309936E1;2.851259E2
2.546346E1;-1.308428E1;2.851832E2
2.548013E1;-1.304725E1;2.852736E2
2.549679E1;-1.297110E1;2.854831E2
2.551346E1;-1.295181E1;2.854751E2
2.553012E1;-1.287976E1;2.854482E2
2.554679E1;-1.291061E1;2.854979E2
2.556345E1;-1.262244E1;2.855596E2
2.558012E1;-1.250511E1;2.855288E2
2.559678E1;-1.220347E1;2.853292E2
2.561344E1;-1.171433E1;2.853679E2
2.563011E1;-1.150255E1;2.854395E2
2.564677E1;-1.143067E1;2.854655E2
2.566344E1;-1.074810E1;2.855490E2
2.568010E1;-1.020196E1;2.854597E2
2.569677E1;-9.485218E0;2.853805E2
2.571343E1;-9.253895E0;2.854161E2
2.573010E1;-8.442824E0;2.856483E2
2.574676E1;-8.166725E0;2.855365E2
2.576343E1;-7.574859E0;2.856945E2
2.578009E1;-6.953907E0;2.856181E2
2.579675E1;-6.383932E0;2.856509E2
2.581342E1;-5.926256E0;2.855216E2
2.583008E1;-5.137061E0;2.855437E2
2.584675E1;-4.050473E0;2.855452E2
2.586341E1;-3.257652E0;2.855187E2
2.588008E1;-2.456099E0;2.855584E2
2.589674E1;-2.183832E0;2.855907E2
2.591341E1;-1.077355E0;2.852682E2
2.593007E1;-3.185853E-1;2.854460E2
2.594674E1;2.006980E-1;2.856163E2
2.596340E1;9.417119E-1;2.854603E2
2.598006E1;1.711203E0;2.857545E2
2.599673E1;2.539504E0;2.853989E2
2.601339E1;3.647055E0;2.855910E2
2.603006E1;3.899376E0;2.855175E2
2.604672E1;4.591723E0;2.854947E2
2.606339E1;4.855103E0;2.855532E2
2.608005E1;5.618689E0;2.856618E2
2.609672E1;6.012231E0;2.854029E2
2.611338E1;6.702705E0;2.854343E2
2.613005E1;7.066571E0;2.852926E2
2.614671E1;7.774339E0;2.855762E2
2.616338E1;8.098745E0;2.853346E2
2.618004E1;8.635554E0;2.855460E2
2.619670E1;8.929778E0;2.854315E2
2.621337E1;9.251323E0;2.853634E2
2.623003E1;9.575275E0;2.855095E2
2.624670E1;9.941246E0;2.854276E2
2.626336E1;1.011677E1;2.853667E2
2.628003E1;1.031417E1;2.854063E2
2.629669E1;1.036686E1;2.854663E2
2.631336E1;1.055228E1;2.853722E2
2.633002E1;1.070576E1;2.854293E2
2.634669E1;1.061651E1;2.854477E2
2.636335E1;1.062225E1;2.853361E2
2.638001E1;1.057420E1;2.854331E2
2.639668E1;1.052750E1;2.854411E2
2.641334E1;1.049452E1;2.854421E2
2.643001E1;1.057057E1;2.854815E2
2.644667E1;1.026116E1;2.855139E2
2.646334E1;1.037074E1;2.857201E2
2.648000E1;1.005507E1;2.855781E2
2.649667E1;9.998899E0;2.855216E2
2.651333E1;9.676241E0;2.853332E2
2.653000E1;9.699660E0;2.853390E2
2.654666E1;9.035690E0;2.854498E2
2.656332E1;8.775990E0;2.853435E2
2.657999E1;8.213818E0;2.855488E2
2.659665E1;7.898249E0;2.854210E2
2.661332E1;7.356978E0;2.853919E2
2.662998E1;6.773379E0;2.852892E2
2.664665E1;6.407431E0;2.855278E2
2.666331E1;5.918944E0;2.854987E2
2.667998E1;5.510149E0;2.854999E2
2.669664E1;5.179661E0;2.853812E2
2.671331E1;4.602704E0;2.853188E2
2.672997E1;4.157069E0;2.855373E2
2.674664E1;3.556236E0;2.853957E2
2.676330E1;2.860954E0;2.853018E2
2.677996E1;2.314804E0;2.853182E2
2.679663E1;1.585645E0;2.855836E2
2.681329E1;1.028819E0;2.854904E2
2.682996E1;4.517779E-1;2.854590E2
2.684662E1;-1.648184E-1;2.853598E2
2.686329E1;-4.462030E-1;2.854193E2
2.687995E1;-1.347896E0;2.854025E2
2.689662E1;-1.754450E0;2.857080E2
2.691328E1;-2.349069E0;2.854020E2
2.692995E1;-3.058468E0;2.854324E2
2.694661E1;-3.260933E0;2.853967E2
2.696327E1;-3.582283E0;2.855215E2
2.697994E1;-4.323158E0;2.855774E2
2.699660E1;-5.277133E0;2.854951E2
2.701327E1;-5.378394E0;2.854694E2
2.702993E1;-5.914387E0;2.856176E2
2.704660E1;-6.201763E0;2.853508E2
2.706326E1;-6.294326E0;2.854738E2
2.707993E1;-6.995846E0;2.851901E2
2.709659E1;-6.994794E0;2.852765E2
2.711326E1;-7.401509E0;2.851615E2
2.712992E1;-7.618779E0;2.854543E2
2.714658E1;-7.997285E0;2.854401E2
2.716325E1;-8.240552E0;2.854109E2
2.717991E1;-8.013306E0;2.855273E2
2.719658E1;-8.099400E0;2.856170E2
2.721324E1;-8.420507E0;2.854686E2
2.722991E1;-8.654962E0;2.856483E2
2.724657E1;-8.697917E0;2.855208E2
2.726324E1;-8.724117E0;2.855173E2
2.727990E1;-8.594870E0;2.854800E2
2.729657E1;-8.661140E0;2.852974E2
2.731323E1;-8.687154E0;2.853050E2
2.732990E1;-8.802091E0;2.851439E2
2.734656E1;-8.477817E0;2.854271E2
2.736322E1;-8.443868E0;2.854556E2
2.737989E1;-8.374266E0;2.853863E2
2.739655E1;-7.900713E0;2.853259E2
2.741322E1;-7.471451E0;2.854054E2
2.742988E1;-7.278081E0;2.854213E2
2.744655E1;-6.717585E0;2.855382E2
2.746321E1;-6.568342E0;2.855286E2
2.747988E1;-6.477698E0;2.856849E2
2.749654E1;-6.318573E0;2.856101E2
2.751321E1;-5.831354E0;2.854260E2
2.752987E1;-5.527622E0;2.854231E2
2.754653E1;-5.304216E0;2.853420E2
2.756320E1;-4.805398E0;2.854486E2
2.757986E1;-4.450260E0;2.854683E2
2.759653E1;-3.976520E0;2.854750E2
2.761319E1;-3.468116E0;2.854211E2
2.762986E1;-2.808587E0;2.853296E2
2.764652E1;-2.385128E0;2.854989E2
2.766319E1;-1.755553E0;2.855850E2
2.767985E1;-1.167460E0;2.854047E2
2.769652E1;-6.489301E-1;2.856310E2
2.771318E1;-2.445874E-1;2.855789E2
2.772984E1;2.516679E-2;2.854614E2
2.774651E1;4.802906E-1;2.854795E2
2.776317E1;7.687532E-1;2.854941E2
2.777984E1;1.318359E0;2.853711E2
2.779650E1;1.677910E0;2.853422E2
2.781317E1;1.871809E0;2.853758E2
2.782983E1;2.549028E0;2.853213E2
2.784650E1;3.079332E0;2.854850E2
2.786316E1;3.308448E0;2.855083E2
2.787983E1;3.658726E0;2.853987E2
2.789649E1;4.234474E0;2.854514E2
2.791315E1;4.418217E0;2.855775E2
2.792982E1;4.830041E0;2.856180E2
2.794648E1;4.875034E0;2.853826E2
2.796315E1;5.242966E0;2.854179E2
2.797981E1;5.430145E0;2.854623E2
2.799648E1;5.849366E0;2.852683E2
2.801314E1;6.079126E0;2.853492E2
2.802981E1;6.229865E0;2.854175E2
2.804647E1;6.505579E0;2.851519E2
2.806314E1;6.750415E0;2.853231E2
2.807980E1;6.947669E0;2.853887E2
2.809647E1;7.151626E0;2.853906E2
2.811313E1;7.030969E0;2.853979E2
2.812979E1;7.240384E0;2.854577E2
2.814646E1;7.222409E0;2.854743E2
2.816312E1;7.171628E0;2.854429E2
2.817979E1;7.120308E0;2.855470E2
2.819645E1;6.824582E0;2.855352E2
2.821312E1;6.523625E0;2.855276E2
2.822978E1;6.555552E0;2.855626E2
2.824645E1;6.432426E0;2.854899E2
2.826311E1;6.367526E0;2.855329E2
2.827978E1;6.345655E0;2.855827E2
2.829644E1;6.119529E0;2.855059E2
2.831310E1;6.001603E0;2.853137E2
2.832977E1;5.730237E0;2.853309E2
2.834643E1;5.782526E0;2.853366E2
2.836310E1;5.438186E0;2.855058E2
2.837976E1;5.014486E0;2.854805E2
2.839643E1;4.703205E0;2.855690E2
2.841309E1;4.166861E0;2.855619E2
2.842976E1;3.874485E0;2.854636E2
2.844642E1;3.722850E0;2.853836E2
2.846309E1;3.399814E0;2.854894E2
2.847975E1;2.757831E0;2.853573E2
2.849641E1;2.670042E0;2.854112E2
2.851308E1;2.271867E0;2.855007E2
2.852974E1;1.862553E0;2.853414E2
2.854641E1;1.722882E0;2.854673E2
2.856307E1;1.240628E0;2.855006E2
2.857974E1;9.213355E-1;2.855804E2
2.859640E1;7.063393E-1;2.856220E2
2.861307E1;1.510269E-1;2.854964E2
2.862973E1;-1.966388E-1;2.854811E2
2.864640E1;-3.784290E-1;2.855530E2
2.866306E1;-1.067385E0;2.854460E2
2.867973E1;-1.244395E0;2.854318E2
2.869639E1;-1.633852E0;2.854291E2
2.871305E1;-2.204619E0;2.854438E2
2.872972E1;-2.246601E0;2.854414E2
2.874638E1;-2.276260E0;2.853809E2
2.876305E1;-2.898481E0;2.854353E2
2.877971E1;-3.163202E0;2.852042E2
2.879638E1;-3.341475E0;2.853118E2
2.881304E1;-3.492614E0;2.855401E2
2.882971E1;-3.760941E0;2.852016E2
2.884637E1;-4.109922E0;2.854047E2
2.886304E1;-4.270061E0;2.854862E2
2.887970E1;-4.849573E0;2.854829E2
2.889636E1;-4.811506E0;2.854932E2
2.891303E1;-4.840063E0;2.854442E2
2.892969E1;-4.897765E0;2.854025E2
2.894636E1;-4.997489E0;2.854367E2
2.896302E1;-5.328266E0;2.854016E2
2.897969E1;-5.165477E0;2.854310E2
2.899635E1;-5.293045E0;2.855029E2
2.901302E1;-5.301462E0;2.850989E2
2.902968E1;-5.183021E0;2.852630E2
2.904635E1;-5.189994E0;2.852227E2
2.906301E1;-5.057940E0;2.852837E2
2.907967E1;-5.014833E0;2.853169E2
2.909634E1;-5.012232E0;2.853143E2
2.911300E1;-4.950941E0;2.854128E2
2.912967E1;-4.913160E0;2.853882E2
2.914633E1;-4.856420E0;2.854081E2
2.916300E1;-4.669960E0;2.854116E2
2.917966E1;-4.492018E0;2.854988E2
2.919633E1;-4.717860E0;2.852888E2
2.921299E1;-4.451526E0;2.852934E2
2.922966E1;-4.223500E0;2.852328E2
2.924632E1;-3.861609E0;2.854353E2
2.926299E1;-3.337053E0;2.855239E2
2.927965E1;-3.495746E0;2.853218E2
2.929631E1;-3.060696E0;2.853536E2
2.931298E1;-2.896764E0;2.853869E2
2.932964E1;-2.852992E0;2.854379E2
2.934631E1;-2.694692E0;2.854338E2
2.936297E1;-2.364269E0;2.855217E2
2.937964E1;-2.209895E0;2.854683E2
2.939630E1;-1.608283E0;2.855064E2
2.941297E1;-1.516024E0;2.855549E2
2.942963E1;-1.365572E0;2.854848E2
2.944630E1;-1.469891E0;2.854630E2
2.946296E1;-1.093436E0;2.853504E2
2.947962E1;-7.499175E-1;2.854778E2
2.949629E1;-4.382723E-1;2.854069E2
2.951295E1;-2.004157E-1;2.852680E2
2.952962E1;3.057172E-1;2.854809E2
2.954628E1;4.646735E-1;2.854460E2
2.956295E1;5.947221E-1;2.853901E2
2.957961E1;1.096108E0;2.855360E2
2.959628E1;1.298272E0;2.854624E2
2.961294E1;1.404072E0;2.856038E2
2.962961E1;1.448900E0;2.855177E2
2.964627E1;1.785094E0;2.855159E2
2.966293E1;2.114965E0;2.854843E2
2.967960E1;2.168544E0;2.854646E2
2.969626E1;2.447844E0;2.853921E2
2.971293E1;2.451333E0;2.854239E2
2.972959E1;2.733699E0;2.855224E2
2.974626E1;2.756186E0;2.853130E2
2.976292E1;3.072005E0;2.853013E2
2.977959E1;3.090615E0;2.853496E2
2.979625E1;3.346965E0;2.854437E2
2.981292E1;3.397013E0;2.854373E2
2.982958E1;3.538218E0;2.854438E2
2.984625E1;3.500869E0;2.852601E2
2.986291E1;3.869097E0;2.853613E2
2.987957E1;4.064693E0;2.854939E2
2.989624E1;4.038631E0;2.855048E2
2.991290E1;3.971041E0;2.853331E2
2.992957E1;4.053185E0;2.854096E2
2.994623E1;4.006589E0;2.854121E2
2.996290E1;4.024255E0;2.853946E2
2.997956E1;4.120859E0;2.851782E2
2.999623E1;3.808252E0;2.855307E2
3.001289E1;3.844824E0;2.853596E2
3.002956E1;3.857341E0;2.853950E2
3.004622E1;3.709088E0;2.853443E2
3.006288E1;3.695241E0;2.853844E2
3.007955E1;3.644748E0;2.853579E2
3.009621E1;3.543018E0;2.856899E2
3.011288E1;3.386080E0;2.856739E2
3.012954E1;3.152513E0;2.857170E2
3.014621E1;3.148466E0;2.855925E2
3.016287E1;2.817546E0;2.856109E2
3.017954E1;2.514943E0;2.855779E2
3.019620E1;2.266686E0;2.855240E2
3.021287E1;2.047084E0;2.852547E2
3.022953E1;2.072901E0;2.854557E2
3.024619E1;1.816562E0;2.854482E2
3.026286E1;1.708682E0;2.854723E2
3.027952E1;1.491432E0;2.853304E2
3.029619E1;1.208083E0;2.854514E2
3.031285E1;1.014741E0;2.855339E2
3.032952E1;6.926753E-1;2.855115E2
3.034618E1;6.046266E-1;2.854264E2
3.036285E1;5.948361E-1;2.856101E2
3.037951E1;1.173369E-1;2.855855E2
3.039618E1;4.005502E-2;2.855753E2
3.041284E1;-1.183174E-1;2.855479E2
3.042951E1;-3.233107E-1;2.855837E2
3.044617E1;-7.722768E-1;2.855518E2
3.046283E1;-8.462604E-1;2.853523E2
3.047950E1;-9.357183E-1;2.853687E2
3.049616E1;-9.998614E-1;2.853650E2
3.051283E1;-1.213271E0;2.854171E2
3.052949E1;-1.437979E0;2.854427E2
3.054616E1;-1.401865E0;2.853883E2
3.056282E1;-1.374406E0;2.853368E2
3.057949E1;-1.412427E0;2.854808E2
3.059615E1;-1.468919E0;2.857003E2
3.061282E1;-1.745436E0;2.855017E2
3.062948E1;-1.860901E0;2.855276E2
3.064614E1;-2.016869E0;2.853779E2
3.066281E1;-2.311745E0;2.855315E2
3.067947E1;-2.243407E0;2.854674E2
3.069614E1;-2.159896E0;2.852485E2
3.071280E1;-2.207274E0;2.852514E2
3.072947E1;-2.283442E0;2.852479E2
3.074613E1;-2.289087E0;2.852912E2
3.076280E1;-2.264054E0;2.853316E2
3.077946E1;-2.305869E0;2.853208E2
3.079613E1;-2.299299E0;2.853060E2
3.081279E1;-2.285543E0;2.854447E2
3.082945E1;-2.297939E0;2.854330E2
3.084612E1;-2.094368E0;2.855496E2
3.086278E1;-2.116743E0;2.854752E2
3.087945E1;-2.149520E0;2.854089E2
3.089611E1;-2.057988E0;2.856104E2
3.091278E1;-2.062232E0;2.853905E2
3.092944E1;-2.040166E0;2.854957E2
3.094611E1;-2.110148E0;2.854682E2
3.096277E1;-2.175404E0;2.854953E2
3.097944E1;-2.060945E0;2.852968E2
3.099610E1;-1.984720E0;2.855596E2
3.101277E1;-2.110171E0;2.854510E2
3.102943E1;-1.965138E0;2.854773E2
3.104609E1;-1.864764E0;2.854784E2
3.106276E1;-1.628800E0;2.857164E2
3.107942E1;-1.471290E0;2.856919E2
3.109609E1;-1.560482E0;2.856599E2
3.111275E1;-1.634834E0;2.855507E2
3.112942E1;-1.534798E0;2.855310E2
3.114608E1;-1.542492E0;2.854943E2
3.116275E1;-1.462422E0;2.856201E2
3.117941E1;-1.336216E0;2.855981E2
3.119608E1;-1.367477E0;2.853676E2
3.121274E1;-7.918247E-1;2.855078E2
3.122940E1;-5.808191E-1;2.855385E2
3.124607E1;-5.911552E-1;2.855536E2
3.126273E1;-4.710173E-1;2.855137E2
3.127940E1;-3.888411E-1;2.854035E2
3.129606E1;1.443323E-1;2.854192E2
3.131273E1;1.293881E-1;2.856594E2
3.132939E1;1.723681E-1;2.856168E2
3.134606E1;3.003415E-1;2.855423E2
3.136272E1;4.586748E-1;2.854185E2
3.137939E1;3.329524E-1;2.854828E2
3.139605E1;4.157027E-1;2.855242E2
3.141271E1;4.418011E-1;2.855065E2
3.142938E1;3.745690E-1;2.855584E2
3.144604E1;5.471326E-1;2.852673E2
3.146271E1;1.114827E0;2.855070E2
3.147937E1;1.111692E0;2.854878E2
3.149604E1;1.072751E0;2.855195E2
3.151270E1;1.137627E0;2.855090E2
3.152937E1;1.367307E0;2.855710E2
3.154603E1;1.357869E0;2.855217E2
3.156270E1;1.339034E0;2.856994E2
3.157936E1;1.285247E0;2.855858E2
3.159602E1;1.314653E0;2.855927E2
3.161269E1;1.483702E0;2.855616E2
3.162935E1;1.397807E0;2.855348E2
3.164602E1;1.378549E0;2.854849E2
3.166268E1;1.437357E0;2.854679E2
3.167935E1;1.446669E0;2.855243E2
3.169601E1;1.424831E0;2.854755E2
3.171268E1;1.255822E0;2.854917E2
3.172934E1;1.402914E0;2.854381E2
3.174601E1;1.543117E0;2.856539E2
3.176267E1;1.502075E0;2.856230E2
3.177934E1;1.461134E0;2.855891E2
3.179600E1;1.562167E0;2.856791E2
3.181266E1;1.348224E0;2.855449E2
3.182933E1;1.271783E0;2.855550E2
3.184599E1;1.189238E0;2.855048E2
3.186266E1;1.187376E0;2.854662E2
3.187932E1;1.183022E0;2.854970E2
3.189599E1;9.120392E-1;2.854515E2
3.191265E1;1.076428E0;2.853721E2
3.192932E1;9.195987E-1;2.853529E2
3.194598E1;1.112558E0;2.853102E2
3.196265E1;9.829236E-1;2.853499E2
3.197931E1;9.185486E-1;2.853790E2
3.199597E1;8.055787E-1;2.855376E2
3.201264E1;8.858716E-1;2.855124E2
3.202930E1;8.703674E-1;2.856541E2
3.204597E1;7.400960E-1;2.855405E2
3.206263E1;6.600596E-1;2.857256E2
3.207930E1;3.211623E-1;2.856122E2
3.209596E1;2.559596E-1;2.855893E2
3.211263E1;5.179906E-2;2.856049E2
3.212929E1;1.653874E-1;2.854019E2
3.214596E1;1.426276E-1;2.854137E2
3.216262E1;1.204226E-1;2.854868E2
3.217928E1;7.880442E-2;2.855225E2
3.219595E1;-9.264462E-2;2.854953E2
3.221261E1;-1.201341E-1;2.854863E2
3.222928E1;-1.312194E-1;2.854744E2
3.224594E1;-2.018086E-1;2.853814E2
3.226261E1;-4.638324E-1;2.857263E2
3.227927E1;-7.885297E-1;2.855870E2
3.229594E1;-7.794652E-1;2.855890E2
3.231260E1;-6.916398E-1;2.855415E2
3.232927E1;-9.262000E-1;2.854397E2
3.234593E1;-9.223594E-1;2.854393E2
3.236260E1;-9.542442E-1;2.854306E2
3.237926E1;-9.334390E-1;2.854265E2
3.239592E1;-8.733108E-1;2.855394E2
3.241259E1;-9.180621E-1;2.853267E2
3.242925E1;-9.303744E-1;2.853756E2
3.244592E1;-9.148541E-1;2.854193E2
3.246258E1;-9.007006E-1;2.854194E2
3.247925E1;-8.947902E-1;2.855159E2
3.249591E1;-9.031158E-1;2.855180E2
3.251258E1;-9.910218E-1;2.854977E2
3.252924E1;-1.164307E0;2.854571E2
3.254591E1;-1.106338E0;2.856225E2
3.256257E1;-1.017642E0;2.856224E2
3.257923E1;-1.194964E0;2.855671E2
3.259590E1;-1.101319E0;2.853263E2
3.261256E1;-9.946599E-1;2.855765E2
3.262923E1;-9.547970E-1;2.855621E2
3.264589E1;-9.645388E-1;2.854062E2
3.266256E1;-7.372103E-1;2.854040E2
3.267922E1;-8.036807E-1;2.853938E2
3.269589E1;-1.067591E0;2.854011E2
3.271255E1;-8.036035E-1;2.854162E2
3.272922E1;-8.679742E-1;2.854419E2
3.274588E1;-8.091530E-1;2.854221E2
3.276254E1;-8.135267E-1;2.856404E2
3.277921E1;-9.806407E-1;2.856166E2
3.279587E1;-9.879537E-1;2.854255E2
3.281254E1;-9.759465E-1;2.855076E2
3.282920E1;-8.978680E-1;2.855416E2
3.284587E1;-8.377923E-1;2.855172E2
3.286253E1;-7.681451E-1;2.854214E2
3.287920E1;-6.119788E-1;2.852620E2
3.289586E1;-6.041249E-1;2.853875E2
3.291253E1;-6.587763E-1;2.853497E2
3.292919E1;-5.533000E-1;2.854517E2
3.294586E1;-5.923465E-1;2.854722E2
3.296252E1;-6.273117E-1;2.854970E2
3.297918E1;-6.749263E-1;2.854906E2
3.299585E1;-3.430482E-1;2.855798E2
3.301251E1;-5.473225E-1;2.855484E2
3.302918E1;-5.494263E-1;2.854990E2
3.304584E1;-5.762915E-1;2.856652E2
3.306251E1;-5.482981E-1;2.855046E2
3.307917E1;-5.779558E-1;2.854493E2
3.309584E1;-5.916561E-1;2.854454E2
3.311250E1;-4.314862E-1;2.852228E2
3.312917E1;-5.754479E-1;2.854216E2
3.314583E1;-6.136852E-1;2.854799E2
3.316249E1;-5.220855E-1;2.853048E2
3.317916E1;-3.000103E-1;2.854174E2
3.319582E1;-3.178903E-1;2.855762E2
3.321249E1;-3.504376E-1;2.854188E2
3.322915E1;-3.190437E-1;2.855658E2
3.324582E1;-5.387063E-1;2.855357E2
3.326248E1;-3.790596E-1;2.854108E2
3.327915E1;-3.573198E-1;2.854778E2
3.329581E1;-2.225786E-1;2.854667E2
3.331248E1;5.087597E-2;2.854734E2
3.332914E1;1.344719E-1;2.854598E2
3.334580E1;3.226216E-1;2.854299E2
3.336247E1;2.143168E-1;2.854220E2
3.337913E1;-3.634920E-3;2.852800E2
3.339580E1;-6.753592E-3;2.853911E2
3.341246E1;6.936218E-2;2.854294E2
3.342913E1;4.492903E-2;2.854531E2
3.344579E1;-3.574428E-3;2.854454E2
3.346246E1;2.196741E-2;2.855219E2
3.347912E1;2.475775E-2;2.855064E2
3.349579E1;-3.154896E-2;2.855089E2
3.351245E1;-1.171891E-2;2.855127E2
3.352912E1;-1.475703E-2;2.854410E2
3.354578E1;-7.304127E-2;2.854323E2
3.356244E1;1.299151E-3;2.854275E2
3.357911E1;-3.189969E-2;2.854418E2
3.359577E1;-5.930800E-3;2.854123E2
3.361244E1;1.539092E-2;2.853074E2
3.362910E1;-2.141770E-1;2.853563E2
3.364577E1;-1.698709E-1;2.853565E2
3.366243E1;-1.352947E-1;2.853569E2
3.367910E1;-1.425421E-1;2.853709E2
3.369576E1;-1.259888E-1;2.853647E2
3.371243E1;-1.961306E-1;2.854405E2
3.372909E1;-1.420312E-1;2.855500E2
3.374575E1;-1.513328E-1;2.855288E2
3.376242E1;-1.272854E-1;2.855099E2
3.377908E1;-1.154261E-1;2.854743E2
3.379575E1;-2.365481E-1;2.854640E2
3.381241E1;-1.894218E-1;2.854866E2
3.382908E1;-2.143600E-1;2.854398E2
3.384574E1;-1.631687E-1;2.853077E2
3.386241E1;-1.524391E-1;2.853098E2
3.387907E1;-1.640897E-1;2.853363E2
3.389574E1;-1.815613E-1;2.854215E2
3.391240E1;-3.646826E-1;2.853013E2
3.392906E1;-4.523568E-1;2.853219E2
3.394573E1;-4.072546E-1;2.853388E2
3.396239E1;-4.559068E-1;2.852884E2
3.397906E1;-1.326462E-1;2.854772E2
3.399572E1;-2.703211E-1;2.856045E2
3.401239E1;3.728317E-2;2.856952E2
3.402905E1;-1.101122E-1;2.855758E2
3.404572E1;5.173241E-3;2.855759E2
3.406238E1;2.244261E-2;2.854691E2
3.407905E1;-2.231079E-1;2.853228E2
3.409571E1;-2.880796E-1;2.853859E2
3.411238E1;-5.617837E-1;2.853077E2
3.412904E1;-6.381582E-1;2.850652E2
3.414570E1;-6.022037E-1;2.850569E2
3.416237E1;-8.749425E-1;2.849791E2
3.417903E1;-7.382193E-1;2.853177E2
