;massa B;;
t;x;y;
0.000000E0;2.326733E-1;2.863020E2
1.666459E-2;2.670868E-1;2.862849E2
3.332918E-2;3.974373E-1;2.862962E2
4.999376E-2;3.789697E-1;2.863026E2
6.665835E-2;3.479762E-1;2.862599E2
8.332294E-2;4.462804E-1;2.863111E2
9.998753E-2;1.511032E-1;2.859892E2
1.166521E-1;1.160191E-1;2.859213E2
1.333167E-1;1.599204E-1;2.860412E2
1.499813E-1;2.697316E-1;2.862782E2
1.666459E-1;8.543776E-2;2.862630E2
1.833105E-1;2.818194E-1;2.862887E2
1.999751E-1;2.753163E-1;2.864030E2
2.166396E-1;1.995145E-1;2.863520E2
2.333042E-1;4.585886E-1;2.866447E2
2.499688E-1;1.284494E-1;2.864384E2
2.666334E-1;2.104336E-1;2.864750E2
2.832980E-1;3.581858E-1;2.863491E2
2.999626E-1;3.899797E-1;2.862414E2
3.166272E-1;3.563047E-1;2.862358E2
3.332918E-1;5.016805E-1;2.860472E2
3.499563E-1;5.625930E-1;2.861196E2
3.666209E-1;3.338118E-1;2.858717E2
3.832855E-1;1.680483E-1;2.859502E2
3.999501E-1;1.723983E-1;2.861515E2
4.166147E-1;2.748468E-1;2.863815E2
4.332793E-1;2.336072E-1;2.863812E2
4.499439E-1;4.939061E-2;2.864593E2
4.666085E-1;6.733503E-2;2.863502E2
4.832730E-1;2.450485E-2;2.864470E2
4.999376E-1;3.703964E-1;2.864494E2
5.166022E-1;2.101692E-1;2.862192E2
5.332668E-1;2.596999E-1;2.864245E2
5.499314E-1;2.116507E-1;2.864423E2
5.665960E-1;1.157246E-1;2.860977E2
5.832606E-1;3.673561E-1;2.863767E2
5.999252E-1;3.665913E-1;2.861443E2
6.165897E-1;2.778723E-1;2.864547E2
6.332543E-1;2.621393E-1;2.864666E2
6.499189E-1;2.206566E-1;2.863970E2
6.665835E-1;2.617560E-1;2.864645E2
6.832481E-1;2.612177E-1;2.865307E2
6.999127E-1;3.536260E-1;2.865853E2
7.165773E-1;2.495686E-1;2.865735E2
7.332419E-1;2.303419E-1;2.865393E2
7.499064E-1;1.941386E-1;2.866723E2
7.665710E-1;2.430096E-1;2.864637E2
7.832356E-1;1.487206E-1;2.865807E2
7.999002E-1;-1.054943E-1;2.865673E2
8.165648E-1;-8.626691E-2;2.864604E2
8.332294E-1;-4.396209E-1;2.865095E2
8.498940E-1;-4.238370E-1;2.865117E2
8.665586E-1;-5.252727E-1;2.864363E2
8.832231E-1;-2.629506E-1;2.866877E2
8.998877E-1;-3.265482E-1;2.865071E2
9.165523E-1;-4.735427E-1;2.866727E2
9.332169E-1;-4.564533E-1;2.866557E2
9.498815E-1;-5.031530E-1;2.864541E2
9.665461E-1;-4.614276E-1;2.864612E2
9.832107E-1;-6.409903E-1;2.867997E2
9.998753E-1;-2.314732E-1;2.864906E2
1.016540E0;-4.871276E-1;2.864370E2
1.033204E0;-5.653846E-1;2.864620E2
1.049869E0;-5.041787E-1;2.863376E2
1.066534E0;-8.488434E-2;2.864982E2
1.083198E0;1.370457E0;2.865613E2
1.099863E0;6.014063E0;2.868222E2
1.116527E0;1.371695E1;2.868943E2
1.133192E0;2.498798E1;2.858441E2
1.149857E0;3.821794E1;2.846904E2
1.166521E0;5.324703E1;2.833750E2
1.183186E0;7.006061E1;2.796678E2
1.199850E0;8.784543E1;2.760553E2
1.216515E0;1.065410E2;2.696481E2
1.233179E0;1.261851E2;2.610628E2
1.249844E0;1.469004E2;2.500460E2
1.266509E0;1.673106E2;2.364845E2
1.283173E0;1.871134E2;2.206563E2
1.299838E0;2.060291E2;2.026120E2
1.316502E0;2.236439E2;1.824500E2
1.333167E0;2.394312E2;1.603875E2
1.349832E0;2.525089E2;1.375399E2
1.366496E0;2.627160E2;1.142774E2
1.383161E0;2.704848E2;9.186517E1
1.399825E0;2.765901E2;7.082470E1
1.416490E0;2.806401E2;5.084965E1
1.433155E0;2.827723E2;3.411684E1
1.449819E0;2.836456E2;1.969958E1
1.466484E0;2.838294E2;8.274596E0
1.483148E0;2.840388E2;3.902659E-1
1.499813E0;2.839395E2;-5.417462E0
1.516477E0;2.839179E2;-7.166564E0
1.533142E0;2.838351E2;-7.161129E0
1.549807E0;2.837647E2;-5.797639E0
1.566471E0;2.838757E2;-3.980456E0
1.583136E0;2.843046E2;-2.016659E0
1.599800E0;2.844693E2;-4.570490E-1
1.616465E0;2.845851E2;8.574223E-1
1.633130E0;2.845448E2;8.546957E-1
1.649794E0;2.845458E2;7.579834E-1
1.666459E0;2.845424E2;9.475342E-1
1.683123E0;2.845244E2;8.587141E-1
1.699788E0;2.845872E2;2.931131E-1
1.716453E0;2.842636E2;-1.151714E0
1.733117E0;2.844490E2;-2.479100E0
1.749782E0;2.842985E2;-4.418965E0
1.766446E0;2.844717E2;-6.282809E0
1.783111E0;2.841371E2;-7.096424E0
1.799775E0;2.841786E2;-8.055526E0
1.816440E0;2.842244E2;-8.286713E0
1.833105E0;2.840093E2;-7.861521E0
1.849769E0;2.845145E2;-6.491513E0
1.866434E0;2.843984E2;-5.602764E0
1.883098E0;2.843131E2;-4.962009E0
1.899763E0;2.844882E2;-4.429560E0
1.916428E0;2.845221E2;-4.296558E0
1.933092E0;2.845705E2;-4.711811E0
1.949757E0;2.845259E2;-5.374261E0
1.966421E0;2.843626E2;-5.789243E0
1.983086E0;2.842981E2;-5.807356E0
1.999751E0;2.842359E2;-6.823183E0
2.016415E0;2.844071E2;-7.305596E0
2.033080E0;2.843990E2;-8.537759E0
2.049744E0;2.841766E2;-1.033014E1
2.066409E0;2.843299E2;-1.177721E1
2.083073E0;2.843660E2;-1.356437E1
2.099738E0;2.842454E2;-1.472888E1
2.116403E0;2.844262E2;-1.518566E1
2.133067E0;2.844546E2;-1.532025E1
2.149732E0;2.843765E2;-1.522251E1
2.166396E0;2.843517E2;-1.535843E1
2.183061E0;2.843224E2;-1.538396E1
2.199726E0;2.840853E2;-1.465905E1
2.216390E0;2.840594E2;-1.555480E1
2.233055E0;2.839506E2;-1.606989E1
2.249719E0;2.842851E2;-1.618273E1
2.266384E0;2.842828E2;-1.636639E1
2.283049E0;2.844161E2;-1.652439E1
2.299713E0;2.845138E2;-1.657982E1
2.316378E0;2.847452E2;-1.675307E1
2.333042E0;2.845573E2;-1.706549E1
2.349707E0;2.845087E2;-1.726140E1
2.366371E0;2.845590E2;-1.742363E1
2.383036E0;2.845155E2;-1.818645E1
2.399701E0;2.845518E2;-1.900305E1
2.416365E0;2.843029E2;-1.919003E1
2.433030E0;2.844141E2;-1.944030E1
2.449694E0;2.844435E2;-1.932203E1
2.466359E0;2.845113E2;-1.921148E1
2.483024E0;2.844476E2;-1.908844E1
2.499688E0;2.842889E2;-1.902635E1
2.516353E0;2.843816E2;-1.878632E1
2.533017E0;2.844250E2;-1.869354E1
2.549682E0;2.842937E2;-1.888558E1
2.566347E0;2.843570E2;-1.926330E1
2.583011E0;2.841829E2;-1.926625E1
2.599676E0;2.841922E2;-1.955407E1
2.616340E0;2.842524E2;-1.933726E1
2.633005E0;2.842843E2;-1.925686E1
2.649669E0;2.843067E2;-1.895473E1
2.666334E0;2.842802E2;-1.888279E1
2.682999E0;2.842472E2;-1.737083E1
2.699663E0;2.843072E2;-1.441707E1
2.716328E0;2.845392E2;-9.313016E0
2.732992E0;2.844266E2;-2.455315E0
2.749657E0;2.844135E2;5.645453E0
2.766322E0;2.839878E2;1.656087E1
2.782986E0;2.829389E2;2.746884E1
2.799651E0;2.813860E2;3.936465E1
2.816315E0;2.796612E2;5.348365E1
2.832980E0;2.766983E2;6.770248E1
2.849644E0;2.727330E2;8.295465E1
2.866309E0;2.675373E2;9.932542E1
2.882974E0;2.614255E2;1.160387E2
2.899638E0;2.536890E2;1.335649E2
2.916303E0;2.443814E2;1.511124E2
2.932967E0;2.336670E2;1.685081E2
2.949632E0;2.207651E2;1.854282E2
2.966297E0;2.060136E2;2.017088E2
2.982961E0;1.898205E2;2.173504E2
2.999626E0;1.731755E2;2.321334E2
3.016290E0;1.538705E2;2.455610E2
3.032955E0;1.335067E2;2.576178E2
3.049620E0;1.115061E2;2.681177E2
3.066284E0;8.879706E1;2.764879E2
3.082949E0;6.480817E1;2.827371E2
3.099613E0;4.093946E1;2.868318E2
3.116278E0;1.668691E1;2.887023E2
3.132942E0;-8.099288E0;2.886976E2
3.149607E0;-3.195880E1;2.862748E2
3.166272E0;-5.545235E1;2.824910E2
3.182936E0;-7.909447E1;2.767644E2
3.199601E0;-1.011659E2;2.692771E2
3.216265E0;-1.224530E2;2.606119E2
3.232930E0;-1.430408E2;2.503928E2
3.249595E0;-1.617511E2;2.387729E2
3.266259E0;-1.783279E2;2.265932E2
3.282924E0;-1.944274E2;2.130218E2
3.299588E0;-2.085134E2;1.986556E2
3.316253E0;-2.204687E2;1.849475E2
3.332918E0;-2.318177E2;1.707959E2
3.349582E0;-2.414242E2;1.562989E2
3.366247E0;-2.488716E2;1.435902E2
3.382911E0;-2.555186E2;1.305112E2
3.399576E0;-2.613837E2;1.178869E2
3.416240E0;-2.662955E2;1.062188E2
3.432905E0;-2.698752E2;9.554207E1
3.449570E0;-2.730999E2;8.665009E1
3.466234E0;-2.750111E2;7.877256E1
3.482899E0;-2.770956E2;7.176457E1
3.499563E0;-2.781211E2;6.643418E1
3.516228E0;-2.795329E2;6.197989E1
3.532893E0;-2.800815E2;5.817904E1
3.549557E0;-2.805839E2;5.631879E1
3.566222E0;-2.809108E2;5.534060E1
3.582886E0;-2.808373E2;5.565135E1
3.599551E0;-2.803589E2;5.712285E1
3.616216E0;-2.792436E2;6.029783E1
3.632880E0;-2.783143E2;6.445855E1
3.649545E0;-2.770521E2;6.957575E1
3.666209E0;-2.759104E2;7.560242E1
3.682874E0;-2.738063E2;8.291447E1
3.699538E0;-2.712602E2;9.136046E1
3.716203E0;-2.680230E2;1.003102E2
3.732868E0;-2.640765E2;1.103353E2
3.749532E0;-2.598333E2;1.206691E2
3.766197E0;-2.541824E2;1.323127E2
3.782861E0;-2.480528E2;1.443354E2
3.799526E0;-2.408957E2;1.566313E2
3.816191E0;-2.322234E2;1.690910E2
3.832855E0;-2.228013E2;1.816044E2
3.849520E0;-2.120544E2;1.939758E2
3.866184E0;-1.995790E2;2.062201E2
3.882849E0;-1.864798E2;2.177788E2
3.899514E0;-1.719744E2;2.294392E2
3.916178E0;-1.567395E2;2.401685E2
3.932843E0;-1.403532E2;2.493869E2
3.949507E0;-1.229818E2;2.582267E2
3.966172E0;-1.051926E2;2.659710E2
3.982836E0;-8.683223E1;2.729357E2
3.999501E0;-6.749156E1;2.785446E2
4.016166E0;-4.775011E1;2.828356E2
4.032830E0;-2.764108E1;2.856944E2
4.049495E0;-7.774477E0;2.870760E2
4.066159E0;1.154597E1;2.871609E2
4.082824E0;3.105187E1;2.861130E2
4.099489E0;4.991078E1;2.837671E2
4.116153E0;6.828750E1;2.804164E2
4.132818E0;8.594968E1;2.759972E2
4.149482E0;1.033324E2;2.704439E2
4.166147E0;1.194018E2;2.637142E2
4.182812E0;1.347350E2;2.562490E2
4.199476E0;1.492539E2;2.485031E2
4.216141E0;1.626146E2;2.398458E2
4.232805E0;1.749368E2;2.307585E2
4.249470E0;1.862268E2;2.220071E2
4.266134E0;1.964057E2;2.125681E2
4.282799E0;2.054261E2;2.034144E2
4.299464E0;2.132009E2;1.949340E2
4.316128E0;2.201333E2;1.862478E2
4.332793E0;2.262937E2;1.779234E2
4.349457E0;2.318916E2;1.702736E2
4.366122E0;2.365616E2;1.633628E2
4.382787E0;2.402377E2;1.571631E2
4.399451E0;2.432440E2;1.517703E2
4.416116E0;2.462394E2;1.475077E2
4.432780E0;2.479079E2;1.439139E2
4.449445E0;2.490382E2;1.414699E2
4.466109E0;2.494234E2;1.406999E2
4.482774E0;2.498000E2;1.397226E2
4.499439E0;2.499769E2;1.397736E2
4.516103E0;2.494763E2;1.415122E2
4.532768E0;2.482471E2;1.436862E2
4.549432E0;2.464429E2;1.467179E2
4.566097E0;2.437960E2;1.504799E2
4.582762E0;2.406018E2;1.555500E2
4.599426E0;2.368752E2;1.614332E2
4.616091E0;2.322037E2;1.681864E2
4.632755E0;2.269153E2;1.752723E2
4.649420E0;2.211241E2;1.826960E2
4.666085E0;2.147850E2;1.903871E2
4.682749E0;2.076292E2;1.983882E2
4.699414E0;1.993911E2;2.066773E2
4.716078E0;1.907293E2;2.148841E2
4.732743E0;1.812229E2;2.232664E2
4.749407E0;1.708393E2;2.313743E2
4.766072E0;1.595558E2;2.394154E2
4.782737E0;1.478025E2;2.473076E2
4.799401E0;1.354113E2;2.548347E2
4.816066E0;1.215763E2;2.614877E2
4.832730E0;1.076016E2;2.677469E2
4.849395E0;9.273482E1;2.729382E2
4.866060E0;7.777086E1;2.779346E2
4.882724E0;6.223919E1;2.819493E2
4.899389E0;4.650512E1;2.849177E2
4.916053E0;3.044155E1;2.869231E2
4.932718E0;1.439273E1;2.881304E2
4.949383E0;-1.741136E0;2.882784E2
4.966047E0;-1.753969E1;2.876879E2
4.982712E0;-3.343348E1;2.859622E2
4.999376E0;-4.793411E1;2.839953E2
5.016041E0;-6.328766E1;2.814007E2
5.032705E0;-7.795845E1;2.776513E2
5.049370E0;-9.203412E1;2.737505E2
5.066035E0;-1.061698E2;2.687680E2
5.082699E0;-1.187531E2;2.631863E2
5.099364E0;-1.310497E2;2.574453E2
5.116028E0;-1.426083E2;2.508425E2
5.132693E0;-1.525155E2;2.442631E2
5.149358E0;-1.610165E2;2.374597E2
5.166022E0;-1.697569E2;2.309865E2
5.182687E0;-1.777895E2;2.245980E2
5.199351E0;-1.851052E2;2.181754E2
5.216016E0;-1.905087E2;2.123356E2
5.232681E0;-1.970631E2;2.066541E2
5.249345E0;-2.024528E2;2.013629E2
5.266010E0;-2.065070E2;1.967203E2
5.282674E0;-2.090259E2;1.924700E2
5.299339E0;-2.113324E2;1.887837E2
5.316003E0;-2.148399E2;1.853746E2
5.332668E0;-2.165948E2;1.830152E2
5.349333E0;-2.180177E2;1.810928E2
5.365997E0;-2.180220E2;1.795848E2
5.382662E0;-2.181337E2;1.790087E2
5.399326E0;-2.181873E2;1.787689E2
5.415991E0;-2.174405E2;1.793490E2
5.432656E0;-2.165898E2;1.807728E2
5.449320E0;-2.148723E2;1.826815E2
5.465985E0;-2.124496E2;1.853311E2
5.482649E0;-2.104323E2;1.884631E2
5.499314E0;-2.079667E2;1.924758E2
5.515979E0;-2.041966E2;1.965040E2
5.532643E0;-1.993053E2;2.008795E2
5.549308E0;-1.953558E2;2.059423E2
5.565972E0;-1.901809E2;2.111090E2
5.582637E0;-1.842237E2;2.165637E2
5.599301E0;-1.777749E2;2.222894E2
5.615966E0;-1.711604E2;2.281847E2
5.632631E0;-1.626233E2;2.340514E2
5.649295E0;-1.544511E2;2.398799E2
5.665960E0;-1.460070E2;2.451221E2
5.682624E0;-1.366810E2;2.509352E2
5.699289E0;-1.269068E2;2.565408E2
5.715954E0;-1.161404E2;2.617418E2
5.732618E0;-1.046464E2;2.667683E2
5.749283E0;-9.351854E1;2.712597E2
5.765947E0;-8.137015E1;2.748736E2
5.782612E0;-6.871957E1;2.781225E2
5.799277E0;-5.593449E1;2.811151E2
5.815941E0;-4.314767E1;2.832423E2
5.832606E0;-2.929800E1;2.843219E2
5.849270E0;-1.662188E1;2.859997E2
5.865935E0;-3.146150E0;2.863526E2
5.882599E0;1.028295E1;2.865052E2
5.899264E0;2.355733E1;2.855645E2
5.915929E0;3.632374E1;2.844894E2
5.932593E0;4.908769E1;2.829510E2
5.949258E0;6.089275E1;2.811721E2
5.965922E0;7.268175E1;2.784689E2
5.982587E0;8.417877E1;2.761058E2
5.999252E0;9.508364E1;2.729801E2
6.015916E0;1.052865E2;2.697339E2
6.032581E0;1.152285E2;2.658437E2
6.049245E0;1.245426E2;2.621901E2
6.065910E0;1.328568E2;2.584478E2
6.082574E0;1.411021E2;2.542049E2
6.099239E0;1.487908E2;2.500667E2
6.115904E0;1.556346E2;2.464710E2
6.132568E0;1.618346E2;2.425440E2
6.149233E0;1.674588E2;2.389411E2
6.165897E0;1.725125E2;2.356747E2
6.182562E0;1.769037E2;2.325056E2
6.199227E0;1.810538E2;2.294560E2
6.215891E0;1.843202E2;2.274955E2
6.232556E0;1.868710E2;2.255760E2
6.249220E0;1.891147E2;2.236483E2
6.265885E0;1.905023E2;2.227514E2
6.282550E0;1.911287E2;2.217960E2
6.299214E0;1.916351E2;2.217010E2
6.315879E0;1.909197E2;2.215767E2
6.332543E0;1.902061E2;2.222562E2
6.349208E0;1.884496E2;2.236024E2
6.365872E0;1.865874E2;2.255227E2
6.382537E0;1.839883E2;2.271245E2
6.399202E0;1.810406E2;2.295256E2
6.415866E0;1.773431E2;2.323108E2
6.432531E0;1.729431E2;2.355741E2
6.449195E0;1.682526E2;2.388176E2
6.465860E0;1.628523E2;2.422427E2
6.482525E0;1.569149E2;2.461336E2
6.499189E0;1.505785E2;2.498666E2
6.515854E0;1.441958E2;2.540452E2
6.532518E0;1.365953E2;2.575206E2
6.549183E0;1.283803E2;2.614742E2
6.565848E0;1.203874E2;2.649457E2
6.582512E0;1.114215E2;2.689164E2
6.599177E0;1.023649E2;2.721166E2
6.615841E0;9.336894E1;2.753943E2
6.632506E0;8.363698E1;2.782871E2
6.649170E0;7.329596E1;2.809183E2
6.665835E0;6.329118E1;2.833889E2
6.682500E0;5.314261E1;2.847014E2
6.699164E0;4.284764E1;2.863517E2
6.715829E0;3.222817E1;2.878054E2
6.732493E0;2.134132E1;2.884226E2
6.749158E0;1.000441E1;2.890102E2
6.765823E0;-7.964578E-1;2.893008E2
6.782487E0;-1.121990E1;2.888236E2
6.799152E0;-2.151318E1;2.877565E2
6.815816E0;-3.198625E1;2.865123E2
6.832481E0;-4.186474E1;2.851525E2
6.849146E0;-5.060861E1;2.833685E2
6.865810E0;-5.899025E1;2.812637E2
6.882475E0;-6.796240E1;2.789322E2
6.899139E0;-7.701751E1;2.766933E2
6.915804E0;-8.552233E1;2.741211E2
6.932468E0;-9.269986E1;2.717440E2
6.949133E0;-1.003190E2;2.686829E2
6.965798E0;-1.080825E2;2.658664E2
6.982462E0;-1.145156E2;2.631704E2
6.999127E0;-1.195168E2;2.601413E2
7.015791E0;-1.254515E2;2.574523E2
7.032456E0;-1.303739E2;2.549797E2
7.049121E0;-1.353370E2;2.520466E2
7.065785E0;-1.393608E2;2.495506E2
7.082450E0;-1.432789E2;2.475756E2
7.099114E0;-1.462778E2;2.453235E2
7.115779E0;-1.492450E2;2.436844E2
7.132444E0;-1.515172E2;2.427615E2
7.149108E0;-1.535895E2;2.413816E2
7.165773E0;-1.547536E2;2.405278E2
7.182437E0;-1.553061E2;2.399619E2
7.199102E0;-1.549226E2;2.396832E2
7.215766E0;-1.550654E2;2.395960E2
7.232431E0;-1.544042E2;2.398442E2
7.249096E0;-1.534020E2;2.402210E2
7.265760E0;-1.523360E2;2.415124E2
7.282425E0;-1.499253E2;2.427382E2
7.299089E0;-1.475051E2;2.440423E2
7.315754E0;-1.444561E2;2.461425E2
7.332419E0;-1.414980E2;2.480802E2
7.349083E0;-1.378878E2;2.500406E2
7.365748E0;-1.342080E2;2.522214E2
7.382412E0;-1.300830E2;2.545385E2
7.399077E0;-1.254685E2;2.572493E2
7.415742E0;-1.200374E2;2.597807E2
7.432406E0;-1.143888E2;2.623632E2
7.449071E0;-1.085372E2;2.650878E2
7.465735E0;-1.023419E2;2.675453E2
7.482400E0;-9.563189E1;2.699744E2
7.499064E0;-8.896600E1;2.727282E2
7.515729E0;-8.189139E1;2.748584E2
7.532394E0;-7.396221E1;2.770166E2
7.549058E0;-6.635731E1;2.790175E2
7.565723E0;-5.818604E1;2.809790E2
7.582387E0;-5.000404E1;2.821093E2
7.599052E0;-4.198918E1;2.838308E2
7.615717E0;-3.292255E1;2.850276E2
7.632381E0;-2.443337E1;2.860213E2
7.649046E0;-1.624037E1;2.865646E2
7.665710E0;-7.143016E0;2.867893E2
7.682375E0;1.869504E0;2.867455E2
7.699040E0;1.083544E1;2.864953E2
7.715704E0;1.893325E1;2.862426E2
7.732369E0;2.766186E1;2.859084E2
7.749033E0;3.556802E1;2.849502E2
7.765698E0;4.367676E1;2.839787E2
7.782362E0;5.110259E1;2.825355E2
7.799027E0;5.898442E1;2.810761E2
7.815692E0;6.635594E1;2.797247E2
7.832356E0;7.299889E1;2.782061E2
7.849021E0;7.982010E1;2.763122E2
7.865685E0;8.605000E1;2.745576E2
7.882350E0;9.199176E1;2.726714E2
7.899015E0;9.729810E1;2.714154E2
7.915679E0;1.024011E2;2.699606E2
7.932344E0;1.067457E2;2.680070E2
7.949008E0;1.115349E2;2.666198E2
7.965673E0;1.151878E2;2.650680E2
7.982337E0;1.184352E2;2.634254E2
7.999002E0;1.211962E2;2.627457E2
8.015667E0;1.236885E2;2.619385E2
8.032331E0;1.257208E2;2.613461E2
8.048996E0;1.274644E2;2.603652E2
8.065660E0;1.289019E2;2.594540E2
8.082325E0;1.298692E2;2.589644E2
8.098990E0;1.302662E2;2.590054E2
8.115654E0;1.303297E2;2.589674E2
8.132319E0;1.301846E2;2.591628E2
8.148983E0;1.294685E2;2.596748E2
8.165648E0;1.279930E2;2.602854E2
8.182313E0;1.264731E2;2.612095E2
8.198977E0;1.246039E2;2.621259E2
8.215642E0;1.220918E2;2.628407E2
8.232306E0;1.196429E2;2.638442E2
8.248971E0;1.161791E2;2.647878E2
8.265635E0;1.126276E2;2.661367E2
8.282300E0;1.085488E2;2.677176E2
8.298965E0;1.043255E2;2.693993E2
8.315629E0;9.985151E1;2.708753E2
8.332294E0;9.511273E1;2.726340E2
8.348958E0;9.001566E1;2.744352E2
8.365623E0;8.470949E1;2.756708E2
8.382288E0;7.926473E1;2.774495E2
8.398952E0;7.360349E1;2.785023E2
8.415617E0;6.722907E1;2.802220E2
8.432281E0;6.097608E1;2.814401E2
8.448946E0;5.454949E1;2.825559E2
8.465611E0;4.768335E1;2.837857E2
8.482275E0;4.089408E1;2.845207E2
8.498940E0;3.441663E1;2.850033E2
8.515604E0;2.709793E1;2.858021E2
8.532269E0;2.028373E1;2.864041E2
8.548933E0;1.257413E1;2.869261E2
8.565598E0;5.988362E0;2.869860E2
8.582263E0;-8.208393E-1;2.872729E2
8.598927E0;-7.815119E0;2.868942E2
8.615592E0;-1.440773E1;2.867842E2
8.632256E0;-2.122708E1;2.860435E2
8.648921E0;-2.790511E1;2.856012E2
8.665586E0;-3.369441E1;2.848202E2
8.682250E0;-3.991783E1;2.840087E2
8.698915E0;-4.587823E1;2.829652E2
8.715579E0;-5.143523E1;2.819277E2
8.732244E0;-5.680810E1;2.807642E2
8.748909E0;-6.213158E1;2.795245E2
8.765573E0;-6.652221E1;2.788167E2
8.782238E0;-7.176254E1;2.777435E2
8.798902E0;-7.610157E1;2.763119E2
8.815567E0;-7.993531E1;2.748655E2
8.832231E0;-8.377198E1;2.740306E2
8.848896E0;-8.707431E1;2.728255E2
8.865561E0;-9.004210E1;2.718688E2
8.882225E0;-9.237784E1;2.710159E2
8.898890E0;-9.533856E1;2.701549E2
8.915554E0;-9.734168E1;2.692399E2
8.932219E0;-9.891135E1;2.684798E2
8.948884E0;-1.005311E2;2.678995E2
8.965548E0;-1.018949E2;2.675701E2
8.982213E0;-1.024170E2;2.669690E2
8.998877E0;-1.029120E2;2.670046E2
9.015542E0;-1.028294E2;2.668982E2
9.032207E0;-1.026304E2;2.669578E2
9.048871E0;-1.024213E2;2.670177E2
9.065536E0;-1.019721E2;2.676087E2
9.082200E0;-1.005848E2;2.681872E2
9.098865E0;-9.892723E1;2.687512E2
9.115529E0;-9.722969E1;2.696050E2
9.132194E0;-9.487732E1;2.702048E2
9.148859E0;-9.245941E1;2.712465E2
9.165523E0;-8.959423E1;2.721150E2
9.182188E0;-8.644433E1;2.728949E2
9.198852E0;-8.355123E1;2.737927E2
9.215517E0;-8.040263E1;2.747174E2
9.232182E0;-7.682140E1;2.755583E2
9.248846E0;-7.290715E1;2.768696E2
9.265511E0;-6.840771E1;2.778275E2
9.282175E0;-6.408402E1;2.792375E2
9.298840E0;-5.908521E1;2.800474E2
9.315505E0;-5.460496E1;2.811451E2
9.332169E0;-4.940088E1;2.821662E2
9.348834E0;-4.477264E1;2.829668E2
9.365498E0;-3.964723E1;2.835710E2
9.382163E0;-3.448602E1;2.840950E2
9.398827E0;-2.893681E1;2.847530E2
9.415492E0;-2.389779E1;2.851776E2
9.432157E0;-1.800927E1;2.856306E2
9.448821E0;-1.242908E1;2.859263E2
9.465486E0;-6.597894E0;2.859320E2
9.482150E0;-1.111029E0;2.858236E2
9.498815E0;4.287240E0;2.862013E2
9.515480E0;9.710536E0;2.857447E2
9.532144E0;1.559594E1;2.854863E2
9.548809E0;2.080250E1;2.853661E2
9.565473E0;2.613882E1;2.847148E2
9.582138E0;3.121380E1;2.845024E2
9.598802E0;3.629502E1;2.839354E2
9.615467E0;4.108132E1;2.831902E2
9.632132E0;4.603925E1;2.826339E2
9.648796E0;5.019859E1;2.821165E2
9.665461E0;5.407078E1;2.813784E2
9.682125E0;5.851712E1;2.805991E2
9.698790E0;6.210507E1;2.798226E2
9.715455E0;6.580370E1;2.788301E2
9.732119E0;6.908567E1;2.781736E2
9.748784E0;7.198324E1;2.774609E2
9.765448E0;7.489046E1;2.767096E2
9.782113E0;7.749039E1;2.758510E2
9.798778E0;7.945215E1;2.754768E2
9.815442E0;8.135825E1;2.749611E2
9.832107E0;8.309452E1;2.745004E2
9.848771E0;8.437871E1;2.743822E2
9.865436E0;8.518302E1;2.740521E2
9.882100E0;8.602502E1;2.739326E2
9.898765E0;8.649083E1;2.737189E2
9.915430E0;8.633675E1;2.735627E2
9.932094E0;8.617119E1;2.735157E2
9.948759E0;8.581786E1;2.734710E2
9.965423E0;8.518674E1;2.736727E2
9.982088E0;8.411374E1;2.738074E2
9.998753E0;8.313293E1;2.743854E2
1.001542E1;8.164245E1;2.746717E2
1.003208E1;7.973302E1;2.752737E2
1.004875E1;7.773097E1;2.757322E2
1.006541E1;7.533887E1;2.766356E2
1.008208E1;7.334115E1;2.770920E2
1.009874E1;7.042018E1;2.778043E2
1.011540E1;6.738838E1;2.787605E2
1.013207E1;6.464105E1;2.791672E2
1.014873E1;6.129031E1;2.800253E2
1.016540E1;5.782480E1;2.807160E2
1.018206E1;5.443287E1;2.812650E2
1.019873E1;5.079531E1;2.819261E2
1.021539E1;4.650174E1;2.823702E2
1.023206E1;4.269908E1;2.827922E2
1.024872E1;3.827508E1;2.831833E2
1.026539E1;3.427390E1;2.837210E2
1.028205E1;2.991906E1;2.841806E2
1.029872E1;2.532762E1;2.846463E2
1.031538E1;2.093732E1;2.853829E2
1.033204E1;1.628415E1;2.857803E2
1.034871E1;1.170592E1;2.858277E2
1.036537E1;7.332607E0;2.861715E2
1.038204E1;2.673734E0;2.858842E2
1.039870E1;-1.572340E0;2.863254E2
1.041537E1;-6.258985E0;2.861752E2
1.043203E1;-1.042464E1;2.861999E2
1.044870E1;-1.487050E1;2.859556E2
1.046536E1;-1.919967E1;2.856488E2
1.048203E1;-2.347853E1;2.852703E2
1.049869E1;-2.741725E1;2.850778E2
1.051535E1;-3.110837E1;2.845893E2
1.053202E1;-3.444066E1;2.841792E2
1.054868E1;-3.824853E1;2.836960E2
1.056535E1;-4.186918E1;2.835844E2
1.058201E1;-4.431244E1;2.830558E2
1.059868E1;-4.738246E1;2.824942E2
1.061534E1;-4.973270E1;2.819900E2
1.063201E1;-5.239840E1;2.812513E2
1.064867E1;-5.413070E1;2.808905E2
1.066534E1;-5.615380E1;2.807450E2
1.068200E1;-5.774502E1;2.804781E2
1.069867E1;-5.946431E1;2.799115E2
1.071533E1;-6.145399E1;2.792920E2
1.073199E1;-6.247192E1;2.787514E2
1.074866E1;-6.360336E1;2.786997E2
1.076532E1;-6.433038E1;2.784963E2
1.078199E1;-6.488680E1;2.781950E2
1.079865E1;-6.494330E1;2.781119E2
1.081532E1;-6.526573E1;2.779658E2
1.083198E1;-6.513673E1;2.777816E2
1.084865E1;-6.523746E1;2.780820E2
1.086531E1;-6.487668E1;2.781598E2
1.088198E1;-6.480564E1;2.784568E2
1.089864E1;-6.351443E1;2.785902E2
1.091530E1;-6.208707E1;2.786908E2
1.093197E1;-6.074385E1;2.789666E2
1.094863E1;-5.865968E1;2.794181E2
1.096530E1;-5.692961E1;2.796100E2
1.098196E1;-5.504137E1;2.801386E2
1.099863E1;-5.301055E1;2.805138E2
1.101529E1;-5.084016E1;2.809296E2
1.103196E1;-4.884122E1;2.814046E2
1.104862E1;-4.611706E1;2.822325E2
1.106529E1;-4.393186E1;2.826524E2
1.108195E1;-4.090734E1;2.834098E2
1.109862E1;-3.824992E1;2.835720E2
1.111528E1;-3.514356E1;2.841441E2
1.113194E1;-3.198178E1;2.845813E2
1.114861E1;-2.845643E1;2.846981E2
1.116527E1;-2.552509E1;2.851569E2
1.118194E1;-2.203785E1;2.852249E2
1.119860E1;-1.844121E1;2.854234E2
1.121527E1;-1.487555E1;2.855657E2
1.123193E1;-1.133491E1;2.856337E2
1.124860E1;-7.974648E0;2.859335E2
1.126526E1;-4.428679E0;2.861025E2
1.128193E1;-6.209657E-1;2.861662E2
1.129859E1;3.233855E0;2.862917E2
1.131526E1;6.331169E0;2.861156E2
1.133192E1;9.710093E0;2.860295E2
1.134858E1;1.361005E1;2.860805E2
1.136525E1;1.692876E1;2.857373E2
1.138191E1;2.038389E1;2.858159E2
1.139858E1;2.302824E1;2.855555E2
1.141524E1;2.605496E1;2.851249E2
1.143191E1;2.952333E1;2.848444E2
1.144857E1;3.192758E1;2.841592E2
1.146524E1;3.459031E1;2.840020E2
1.148190E1;3.738190E1;2.837370E2
1.149857E1;3.968727E1;2.833079E2
1.151523E1;4.188773E1;2.829787E2
1.153189E1;4.392253E1;2.825921E2
1.154856E1;4.609947E1;2.826225E2
1.156522E1;4.800157E1;2.826638E2
1.158189E1;4.964570E1;2.823493E2
1.159855E1;5.106013E1;2.818793E2
1.161522E1;5.203598E1;2.819300E2
1.163188E1;5.339790E1;2.816097E2
1.164855E1;5.399802E1;2.813823E2
1.166521E1;5.467138E1;2.814992E2
1.168188E1;5.504635E1;2.812724E2
1.169854E1;5.529127E1;2.810132E2
1.171521E1;5.528978E1;2.810783E2
1.173187E1;5.532595E1;2.809463E2
1.174853E1;5.532050E1;2.809388E2
1.176520E1;5.495329E1;2.810324E2
1.178186E1;5.444988E1;2.811080E2
1.179853E1;5.344491E1;2.816953E2
1.181519E1;5.238189E1;2.818415E2
1.183186E1;5.113028E1;2.818952E2
1.184852E1;5.018802E1;2.822793E2
1.186519E1;4.865226E1;2.825595E2
1.188185E1;4.700489E1;2.827073E2
1.189852E1;4.520286E1;2.827255E2
1.191518E1;4.344133E1;2.830657E2
1.193184E1;4.141229E1;2.830711E2
1.194851E1;3.928555E1;2.832672E2
1.196517E1;3.715016E1;2.835396E2
1.198184E1;3.529827E1;2.835935E2
1.199850E1;3.257957E1;2.844996E2
1.201517E1;2.984923E1;2.845650E2
1.203183E1;2.788955E1;2.850836E2
1.204850E1;2.534329E1;2.853309E2
1.206516E1;2.246514E1;2.855474E2
1.208183E1;1.910962E1;2.857667E2
1.209849E1;1.629156E1;2.861944E2
1.211516E1;1.337556E1;2.862916E2
1.213182E1;1.065250E1;2.863609E2
1.214848E1;7.782217E0;2.864330E2
1.216515E1;4.502277E0;2.865379E2
1.218181E1;1.874003E0;2.862987E2
1.219848E1;-9.856103E-1;2.863956E2
1.221514E1;-3.600297E0;2.863377E2
1.223181E1;-6.324556E0;2.862056E2
1.224847E1;-8.696951E0;2.861572E2
1.226514E1;-1.139852E1;2.863137E2
1.228180E1;-1.423937E1;2.858972E2
1.229847E1;-1.641794E1;2.861598E2
1.231513E1;-1.883544E1;2.860739E2
1.233179E1;-2.169626E1;2.859569E2
1.234846E1;-2.362839E1;2.856542E2
1.236512E1;-2.596514E1;2.854060E2
1.238179E1;-2.780083E1;2.852759E2
1.239845E1;-2.992445E1;2.852116E2
1.241512E1;-3.137226E1;2.850084E2
1.243178E1;-3.351868E1;2.844209E2
1.244845E1;-3.477303E1;2.843479E2
1.246511E1;-3.588350E1;2.842090E2
1.248178E1;-3.713040E1;2.840476E2
1.249844E1;-3.825742E1;2.840448E2
1.251511E1;-3.913548E1;2.838980E2
1.253177E1;-4.007494E1;2.839814E2
1.254843E1;-4.013779E1;2.838532E2
1.256510E1;-4.077964E1;2.837861E2
1.258176E1;-4.145258E1;2.838826E2
1.259843E1;-4.192713E1;2.838599E2
1.261509E1;-4.167586E1;2.840841E2
1.263176E1;-4.127340E1;2.836043E2
1.264842E1;-4.104309E1;2.836257E2
1.266509E1;-4.067887E1;2.835892E2
1.268175E1;-4.049584E1;2.835241E2
1.269842E1;-3.990704E1;2.836829E2
1.271508E1;-3.932713E1;2.839083E2
1.273174E1;-3.892061E1;2.838547E2
1.274841E1;-3.773061E1;2.842208E2
1.276507E1;-3.648076E1;2.842787E2
1.278174E1;-3.532239E1;2.843292E2
1.279840E1;-3.386126E1;2.844875E2
1.281507E1;-3.210472E1;2.846164E2
1.283173E1;-3.090721E1;2.848718E2
1.284840E1;-2.927362E1;2.851033E2
1.286506E1;-2.745413E1;2.853973E2
1.288173E1;-2.557238E1;2.853894E2
1.289839E1;-2.365279E1;2.854761E2
1.291506E1;-2.210288E1;2.854374E2
1.293172E1;-1.994558E1;2.853617E2
1.294838E1;-1.769153E1;2.857320E2
1.296505E1;-1.579249E1;2.856005E2
1.298171E1;-1.401620E1;2.859864E2
1.299838E1;-1.139861E1;2.862723E2
1.301504E1;-8.936742E0;2.861551E2
1.303171E1;-6.831468E0;2.863555E2
1.304837E1;-4.508654E0;2.864008E2
1.306504E1;-2.507704E0;2.863896E2
1.308170E1;-4.624589E-1;2.864791E2
1.309837E1;1.622165E0;2.864148E2
1.311503E1;3.617768E0;2.863693E2
1.313170E1;5.816267E0;2.862206E2
1.314836E1;7.884527E0;2.862494E2
1.316502E1;1.034149E1;2.860047E2
1.318169E1;1.225398E1;2.860205E2
1.319835E1;1.431060E1;2.859305E2
1.321502E1;1.615546E1;2.857922E2
1.323168E1;1.814824E1;2.857214E2
1.324835E1;2.004527E1;2.857594E2
1.326501E1;2.177702E1;2.857754E2
1.328168E1;2.340011E1;2.858446E2
1.329834E1;2.488223E1;2.856536E2
1.331501E1;2.655916E1;2.856680E2
1.333167E1;2.761201E1;2.853381E2
1.334833E1;2.869454E1;2.850646E2
1.336500E1;3.050841E1;2.848300E2
1.338166E1;3.106426E1;2.846257E2
1.339833E1;3.216449E1;2.845771E2
1.341499E1;3.278830E1;2.843219E2
1.343166E1;3.353719E1;2.842420E2
1.344832E1;3.373643E1;2.845247E2
1.346499E1;3.404362E1;2.841102E2
1.348165E1;3.427201E1;2.841236E2
1.349832E1;3.457133E1;2.841632E2
1.351498E1;3.485443E1;2.842597E2
1.353165E1;3.500287E1;2.840828E2
1.354831E1;3.503263E1;2.841667E2
1.356497E1;3.468591E1;2.843329E2
1.358164E1;3.425490E1;2.842758E2
1.359830E1;3.376719E1;2.841035E2
1.361497E1;3.332969E1;2.843210E2
1.363163E1;3.282930E1;2.845309E2
1.364830E1;3.188761E1;2.842796E2
1.366496E1;3.083239E1;2.843330E2
1.368163E1;2.994835E1;2.842648E2
1.369829E1;2.908245E1;2.842414E2
1.371496E1;2.779874E1;2.843478E2
1.373162E1;2.636392E1;2.846652E2
1.374828E1;2.495472E1;2.849386E2
1.376495E1;2.363217E1;2.851860E2
1.378161E1;2.223408E1;2.853719E2
1.379828E1;2.032685E1;2.855083E2
1.381494E1;1.877056E1;2.855502E2
1.383161E1;1.749711E1;2.856518E2
1.384827E1;1.558566E1;2.855290E2
1.386494E1;1.356343E1;2.855281E2
1.388160E1;1.248102E1;2.855763E2
1.389827E1;1.048920E1;2.854938E2
1.391493E1;8.627763E0;2.855453E2
1.393160E1;6.793210E0;2.855137E2
1.394826E1;4.929047E0;2.855939E2
1.396492E1;3.227533E0;2.859920E2
1.398159E1;1.286085E0;2.860590E2
1.399825E1;-2.521596E-1;2.862626E2
1.401492E1;-1.832911E0;2.863399E2
1.403158E1;-3.630848E0;2.866447E2
1.404825E1;-5.458283E0;2.863953E2
1.406491E1;-7.311743E0;2.863897E2
1.408158E1;-8.906690E0;2.861347E2
1.409824E1;-1.015030E1;2.859651E2
1.411491E1;-1.160694E1;2.857439E2
1.413157E1;-1.325264E1;2.856329E2
1.414823E1;-1.466887E1;2.853842E2
1.416490E1;-1.544383E1;2.853401E2
1.418156E1;-1.662538E1;2.852853E2
1.419823E1;-1.804863E1;2.851698E2
1.421489E1;-1.979208E1;2.856108E2
1.423156E1;-2.084848E1;2.857059E2
1.424822E1;-2.123141E1;2.857575E2
1.426489E1;-2.222477E1;2.856447E2
1.428155E1;-2.258012E1;2.857726E2
1.429822E1;-2.341796E1;2.856260E2
1.431488E1;-2.377847E1;2.856337E2
1.433155E1;-2.454993E1;2.853803E2
1.434821E1;-2.479018E1;2.853755E2
1.436487E1;-2.493071E1;2.853141E2
1.438154E1;-2.519166E1;2.851772E2
1.439820E1;-2.530655E1;2.852974E2
1.441487E1;-2.569265E1;2.850645E2
1.443153E1;-2.571859E1;2.852527E2
1.444820E1;-2.553389E1;2.852126E2
1.446486E1;-2.541238E1;2.850566E2
1.448153E1;-2.476129E1;2.853809E2
1.449819E1;-2.420128E1;2.854346E2
1.451486E1;-2.362684E1;2.853891E2
1.453152E1;-2.330197E1;2.856073E2
1.454819E1;-2.290774E1;2.854498E2
1.456485E1;-2.219245E1;2.854014E2
1.458151E1;-2.183315E1;2.855135E2
1.459818E1;-2.086745E1;2.853853E2
1.461484E1;-1.978249E1;2.854134E2
1.463151E1;-1.821490E1;2.853889E2
1.464817E1;-1.717607E1;2.851956E2
1.466484E1;-1.671884E1;2.857335E2
1.468150E1;-1.552995E1;2.860925E2
1.469817E1;-1.449482E1;2.858980E2
1.471483E1;-1.317349E1;2.859045E2
1.473150E1;-1.163805E1;2.862357E2
1.474816E1;-1.044649E1;2.862251E2
1.476482E1;-9.119332E0;2.861667E2
1.478149E1;-7.584779E0;2.863290E2
1.479815E1;-6.274290E0;2.864409E2
1.481482E1;-4.980756E0;2.863794E2
1.483148E1;-3.601960E0;2.863796E2
1.484815E1;-2.434438E0;2.864932E2
1.486481E1;-1.196522E0;2.863005E2
1.488148E1;7.322808E-1;2.861560E2
1.489814E1;2.267878E0;2.861840E2
1.491481E1;3.603336E0;2.862811E2
1.493147E1;4.685846E0;2.862356E2
1.494814E1;6.076703E0;2.861605E2
1.496480E1;7.557792E0;2.861359E2
1.498146E1;9.088883E0;2.863685E2
1.499813E1;9.991381E0;2.861121E2
1.501479E1;1.084282E1;2.860904E2
1.503146E1;1.230894E1;2.859068E2
1.504812E1;1.341143E1;2.857213E2
1.506479E1;1.424320E1;2.855107E2
1.508145E1;1.501343E1;2.856648E2
1.509812E1;1.600325E1;2.855944E2
1.511478E1;1.692773E1;2.854316E2
1.513145E1;1.815278E1;2.854804E2
1.514811E1;1.869157E1;2.852896E2
1.516477E1;1.916885E1;2.853665E2
1.518144E1;1.968037E1;2.854762E2
1.519810E1;2.035588E1;2.857285E2
1.521477E1;2.061642E1;2.858485E2
1.523143E1;2.100822E1;2.858862E2
1.524810E1;2.152765E1;2.856924E2
1.526476E1;2.152864E1;2.856416E2
1.528143E1;2.152386E1;2.856309E2
1.529809E1;2.165809E1;2.853922E2
1.531476E1;2.177694E1;2.853195E2
1.533142E1;2.202284E1;2.852441E2
1.534809E1;2.198940E1;2.851128E2
1.536475E1;2.179563E1;2.853640E2
1.538141E1;2.153174E1;2.852966E2
1.539808E1;2.114944E1;2.852905E2
1.541474E1;2.070042E1;2.852309E2
1.543141E1;2.052238E1;2.853850E2
1.544807E1;1.982476E1;2.852124E2
1.546474E1;1.895123E1;2.855983E2
1.548140E1;1.850583E1;2.859563E2
1.549807E1;1.792625E1;2.856385E2
1.551473E1;1.727497E1;2.857915E2
1.553140E1;1.636029E1;2.857569E2
1.554806E1;1.535317E1;2.856681E2
1.556472E1;1.467702E1;2.857102E2
1.558139E1;1.356519E1;2.856675E2
1.559805E1;1.259452E1;2.857936E2
1.561472E1;1.137438E1;2.856669E2
1.563138E1;1.047030E1;2.860041E2
1.564805E1;9.632102E0;2.857843E2
1.566471E1;9.053060E0;2.860658E2
1.568138E1;7.731720E0;2.860208E2
1.569804E1;6.711318E0;2.861305E2
1.571471E1;5.454218E0;2.862248E2
1.573137E1;4.252687E0;2.864000E2
1.574804E1;3.165133E0;2.862452E2
1.576470E1;1.739872E0;2.861544E2
1.578136E1;9.178139E-1;2.863306E2
1.579803E1;-8.485141E-2;2.862916E2
1.581469E1;-1.049523E0;2.862492E2
1.583136E1;-2.253439E0;2.861908E2
1.584802E1;-2.922390E0;2.862817E2
1.586469E1;-4.070165E0;2.860829E2
1.588135E1;-5.064719E0;2.859316E2
1.589802E1;-5.548893E0;2.862813E2
1.591468E1;-6.785250E0;2.859582E2
1.593135E1;-7.631242E0;2.861831E2
1.594801E1;-8.016619E0;2.861957E2
1.596467E1;-9.014756E0;2.860316E2
1.598134E1;-9.666263E0;2.862945E2
1.599800E1;-1.081724E1;2.861098E2
1.601467E1;-1.163758E1;2.861974E2
1.603133E1;-1.222781E1;2.861680E2
1.604800E1;-1.275002E1;2.859725E2
1.606466E1;-1.321479E1;2.861608E2
1.608133E1;-1.312910E1;2.859516E2
1.609799E1;-1.371465E1;2.859361E2
1.611466E1;-1.399460E1;2.859033E2
1.613132E1;-1.414142E1;2.858882E2
1.614799E1;-1.431420E1;2.858882E2
1.616465E1;-1.445822E1;2.861346E2
1.618131E1;-1.487125E1;2.862740E2
1.619798E1;-1.467926E1;2.862528E2
1.621464E1;-1.490140E1;2.862830E2
1.623131E1;-1.494821E1;2.862686E2
1.624797E1;-1.492413E1;2.862692E2
1.626464E1;-1.484942E1;2.864234E2
1.628130E1;-1.467965E1;2.861562E2
1.629797E1;-1.460876E1;2.861245E2
1.631463E1;-1.438937E1;2.862766E2
1.633130E1;-1.396117E1;2.863061E2
1.634796E1;-1.363448E1;2.861709E2
1.636463E1;-1.311296E1;2.858816E2
1.638129E1;-1.238466E1;2.861811E2
1.639795E1;-1.179846E1;2.861917E2
1.641462E1;-1.130442E1;2.860245E2
1.643128E1;-1.061156E1;2.863061E2
1.644795E1;-1.025800E1;2.862660E2
1.646461E1;-9.441263E0;2.863739E2
1.648128E1;-8.723125E0;2.864886E2
1.649794E1;-8.048668E0;2.865029E2
1.651461E1;-7.462931E0;2.863503E2
1.653127E1;-6.775354E0;2.862321E2
1.654794E1;-5.814430E0;2.862779E2
1.656460E1;-5.118897E0;2.860918E2
1.658126E1;-4.233879E0;2.860746E2
1.659793E1;-3.174532E0;2.861969E2
1.661459E1;-2.082213E0;2.861232E2
1.663126E1;-1.470157E0;2.862267E2
1.664792E1;-3.277145E-1;2.863421E2
1.666459E1;5.662505E-1;2.862572E2
1.668125E1;1.160704E0;2.861319E2
1.669792E1;2.118719E0;2.862844E2
1.671458E1;2.555335E0;2.862794E2
1.673125E1;3.382749E0;2.864200E2
1.674791E1;4.055159E0;2.863396E2
1.676458E1;5.033275E0;2.865131E2
1.678124E1;5.643309E0;2.864656E2
1.679790E1;5.977731E0;2.863079E2
1.681457E1;7.007458E0;2.862081E2
1.683123E1;7.608639E0;2.862219E2
1.684790E1;8.187672E0;2.860267E2
1.686456E1;8.835201E0;2.859889E2
1.688123E1;9.607894E0;2.863320E2
1.689789E1;9.762042E0;2.859350E2
1.691456E1;1.038073E1;2.863013E2
1.693122E1;1.060984E1;2.862079E2
1.694789E1;1.111058E1;2.861321E2
1.696455E1;1.177226E1;2.861893E2
1.698121E1;1.196083E1;2.859284E2
1.699788E1;1.232327E1;2.862077E2
1.701454E1;1.260947E1;2.863010E2
1.703121E1;1.252502E1;2.862850E2
1.704787E1;1.256385E1;2.860275E2
1.706454E1;1.250216E1;2.860125E2
1.708120E1;1.262948E1;2.860484E2
1.709787E1;1.281582E1;2.859673E2
1.711453E1;1.272924E1;2.859283E2
1.713120E1;1.305242E1;2.859092E2
1.714786E1;1.293959E1;2.859534E2
1.716453E1;1.283304E1;2.861546E2
1.718119E1;1.258254E1;2.861257E2
1.719785E1;1.243579E1;2.862899E2
1.721452E1;1.224780E1;2.862608E2
1.723118E1;1.168953E1;2.862875E2
1.724785E1;1.134623E1;2.863095E2
1.726451E1;1.111819E1;2.863154E2
1.728118E1;1.060302E1;2.861547E2
1.729784E1;1.011925E1;2.859781E2
1.731451E1;9.842826E0;2.860460E2
1.733117E1;9.282510E0;2.859294E2
1.734784E1;9.093587E0;2.861544E2
1.736450E1;8.654998E0;2.861764E2
1.738116E1;8.088948E0;2.864282E2
1.739783E1;7.476161E0;2.868141E2
1.741449E1;6.834012E0;2.868130E2
1.743116E1;6.519375E0;2.867710E2
1.744782E1;5.973311E0;2.865800E2
1.746449E1;5.365525E0;2.865174E2
1.748115E1;4.851082E0;2.863659E2
1.749782E1;4.250956E0;2.862768E2
1.751448E1;3.380145E0;2.862821E2
1.753115E1;2.603330E0;2.864179E2
1.754781E1;2.257799E0;2.862549E2
1.756448E1;1.772794E0;2.861433E2
1.758114E1;1.174339E0;2.862354E2
1.759780E1;6.368422E-1;2.861740E2
1.761447E1;4.021274E-1;2.864193E2
1.763113E1;-3.951927E-1;2.862430E2
1.764780E1;-5.600746E-1;2.865683E2
1.766446E1;-1.482388E0;2.863539E2
1.768113E1;-1.801691E0;2.865621E2
1.769779E1;-2.609530E0;2.863705E2
1.771446E1;-3.253027E0;2.864013E2
1.773112E1;-3.656576E0;2.864594E2
1.774779E1;-4.059824E0;2.863526E2
1.776445E1;-4.570815E0;2.863562E2
1.778112E1;-5.233054E0;2.860783E2
1.779778E1;-5.361598E0;2.861798E2
1.781444E1;-5.992382E0;2.860656E2
1.783111E1;-6.171165E0;2.861863E2
1.784777E1;-6.457980E0;2.859614E2
1.786444E1;-6.693235E0;2.862367E2
1.788110E1;-6.731217E0;2.861257E2
1.789777E1;-7.110907E0;2.860486E2
1.791443E1;-7.227671E0;2.862357E2
1.793110E1;-7.623756E0;2.861619E2
1.794776E1;-7.783551E0;2.863184E2
1.796443E1;-7.695092E0;2.862676E2
1.798109E1;-7.935868E0;2.861669E2
1.799775E1;-7.600932E0;2.858299E2
1.801442E1;-7.732092E0;2.857764E2
1.803108E1;-7.849454E0;2.855898E2
1.804775E1;-8.104541E0;2.856882E2
1.806441E1;-7.910911E0;2.861320E2
1.808108E1;-7.900295E0;2.861320E2
1.809774E1;-7.459354E0;2.861829E2
1.811441E1;-7.436548E0;2.863262E2
1.813107E1;-7.313089E0;2.862478E2
1.814774E1;-6.919869E0;2.862684E2
1.816440E1;-6.564347E0;2.864319E2
1.818107E1;-6.493463E0;2.862140E2
1.819773E1;-6.173901E0;2.861706E2
1.821439E1;-5.625721E0;2.862963E2
1.823106E1;-5.703956E0;2.862709E2
1.824772E1;-5.220223E0;2.861185E2
1.826439E1;-4.534308E0;2.863057E2
1.828105E1;-3.854574E0;2.861236E2
1.829772E1;-3.597980E0;2.863694E2
1.831438E1;-3.642826E0;2.860900E2
1.833105E1;-2.949719E0;2.864039E2
1.834771E1;-2.432828E0;2.863333E2
1.836438E1;-2.073177E0;2.864450E2
1.838104E1;-1.589469E0;2.864399E2
1.839770E1;-1.387162E0;2.864959E2
1.841437E1;-8.403324E-1;2.863934E2
1.843103E1;-4.857920E-1;2.864209E2
1.844770E1;-1.862010E-1;2.864661E2
1.846436E1;3.701437E-1;2.864457E2
1.848103E1;6.249228E-1;2.862863E2
1.849769E1;9.867089E-1;2.863039E2
1.851436E1;1.618259E0;2.863602E2
1.853102E1;2.130860E0;2.862046E2
1.854769E1;2.680593E0;2.861352E2
1.856435E1;3.262851E0;2.861623E2
1.858102E1;3.650976E0;2.860595E2
1.859768E1;4.240433E0;2.862052E2
1.861434E1;4.587411E0;2.863234E2
1.863101E1;4.619476E0;2.862010E2
1.864767E1;5.202590E0;2.863115E2
1.866434E1;5.289336E0;2.863418E2
1.868100E1;5.469834E0;2.863810E2
1.869767E1;5.773211E0;2.862732E2
1.871433E1;6.143620E0;2.861735E2
1.873100E1;6.383852E0;2.861612E2
1.874766E1;6.542642E0;2.861059E2
1.876433E1;6.782703E0;2.860365E2
1.878099E1;7.072005E0;2.860569E2
1.879765E1;7.122657E0;2.862020E2
1.881432E1;7.254900E0;2.862498E2
1.883098E1;7.415945E0;2.861922E2
1.884765E1;7.540565E0;2.862225E2
1.886431E1;7.558115E0;2.863757E2
1.888098E1;7.468241E0;2.864217E2
1.889764E1;7.407296E0;2.863386E2
1.891431E1;7.306270E0;2.864324E2
1.893097E1;7.318709E0;2.863842E2
1.894764E1;7.279051E0;2.862339E2
1.896430E1;7.255602E0;2.862245E2
1.898097E1;7.204569E0;2.860641E2
1.899763E1;7.204250E0;2.856473E2
1.901429E1;6.803525E0;2.856702E2
1.903096E1;6.809521E0;2.858104E2
1.904762E1;6.757435E0;2.858611E2
1.906429E1;6.839366E0;2.858600E2
1.908095E1;6.652248E0;2.860989E2
1.909762E1;6.296973E0;2.861526E2
1.911428E1;5.847879E0;2.860584E2
1.913095E1;5.939223E0;2.861585E2
1.914761E1;5.652643E0;2.864722E2
1.916428E1;5.016737E0;2.861704E2
1.918094E1;4.511108E0;2.862594E2
1.919760E1;4.164166E0;2.862401E2
1.921427E1;3.769467E0;2.859927E2
1.923093E1;3.717170E0;2.859989E2
1.924760E1;3.547064E0;2.860917E2
1.926426E1;3.110251E0;2.860452E2
1.928093E1;2.901061E0;2.862901E2
1.929759E1;2.798563E0;2.860853E2
1.931426E1;2.615632E0;2.862591E2
1.933092E1;2.000434E0;2.861136E2
1.934759E1;1.973612E0;2.862891E2
1.936425E1;1.614047E0;2.864480E2
1.938092E1;9.977773E-1;2.862645E2
1.939758E1;8.601357E-1;2.863702E2
1.941424E1;3.085989E-1;2.864946E2
1.943091E1;-3.646352E-2;2.862193E2
1.944757E1;-3.217835E-1;2.862152E2
1.946424E1;-5.407488E-1;2.861674E2
1.948090E1;-1.001231E0;2.860930E2
1.949757E1;-1.053114E0;2.860216E2
1.951423E1;-1.163788E0;2.859969E2
1.953090E1;-1.076785E0;2.862069E2
1.954756E1;-1.279613E0;2.861858E2
1.956423E1;-1.343696E0;2.863604E2
1.958089E1;-2.027394E0;2.862619E2
1.959756E1;-1.986944E0;2.864037E2
1.961422E1;-2.161260E0;2.864399E2
1.963088E1;-2.128357E0;2.863906E2
1.964755E1;-2.256857E0;2.860896E2
1.966421E1;-2.294210E0;2.863026E2
1.968088E1;-2.396831E0;2.864144E2
1.969754E1;-2.734894E0;2.863148E2
1.971421E1;-2.786535E0;2.862722E2
1.973087E1;-2.882016E0;2.860348E2
1.974754E1;-2.893796E0;2.859261E2
1.976420E1;-2.869017E0;2.862395E2
1.978087E1;-2.796214E0;2.862452E2
1.979753E1;-2.754449E0;2.861414E2
1.981419E1;-2.906502E0;2.863479E2
1.983086E1;-2.680310E0;2.863486E2
1.984752E1;-2.814588E0;2.864708E2
1.986419E1;-2.920356E0;2.862169E2
1.988085E1;-2.710527E0;2.865036E2
1.989752E1;-2.816660E0;2.862193E2
1.991418E1;-2.706267E0;2.862081E2
1.993085E1;-2.604419E0;2.863673E2
1.994751E1;-2.633131E0;2.863190E2
1.996418E1;-2.592794E0;2.859942E2
1.998084E1;-2.619301E0;2.860091E2
1.999751E1;-1.793390E0;2.860740E2
2.001417E1;-1.743360E0;2.860039E2
2.003083E1;-1.842677E0;2.862603E2
2.004750E1;-1.597297E0;2.864851E2
2.006416E1;-1.517073E0;2.864296E2
2.008083E1;-1.516526E0;2.863859E2
2.009749E1;-1.304572E0;2.861482E2
2.011416E1;-8.295841E-1;2.862743E2
2.013082E1;-6.635575E-1;2.862616E2
2.014749E1;-6.221571E-1;2.864154E2
2.016415E1;-5.596574E-1;2.863065E2
2.018082E1;-5.425948E-1;2.862690E2
2.019748E1;-3.095350E-1;2.863170E2
2.021414E1;-2.103703E-1;2.860791E2
2.023081E1;2.816498E-1;2.860628E2
2.024747E1;4.110159E-1;2.862170E2
2.026414E1;4.698376E-1;2.861164E2
2.028080E1;8.762121E-1;2.861556E2
2.029747E1;1.265335E0;2.862625E2
2.031413E1;1.259533E0;2.864289E2
2.033080E1;1.846694E0;2.861715E2
2.034746E1;1.983065E0;2.862525E2
2.036413E1;2.052417E0;2.864834E2
2.038079E1;2.196363E0;2.862621E2
2.039746E1;2.443059E0;2.862952E2
2.041412E1;2.518617E0;2.862966E2
2.043078E1;2.380768E0;2.862237E2
2.044745E1;2.367383E0;2.861428E2
2.046411E1;2.582182E0;2.861454E2
2.048078E1;2.721745E0;2.863815E2
2.049744E1;2.509766E0;2.862225E2
2.051411E1;2.801326E0;2.862908E2
2.053077E1;3.014321E0;2.863199E2
2.054744E1;3.085915E0;2.864366E2
2.056410E1;3.325527E0;2.861856E2
2.058077E1;3.344142E0;2.862933E2
2.059743E1;3.382012E0;2.863444E2
2.061409E1;3.436666E0;2.865164E2
2.063076E1;3.394805E0;2.864299E2
2.064742E1;3.400076E0;2.864426E2
2.066409E1;3.398640E0;2.862605E2
2.068075E1;3.587420E0;2.862609E2
2.069742E1;3.467333E0;2.861411E2
2.071408E1;3.553542E0;2.863246E2
2.073075E1;3.475161E0;2.862443E2
2.074741E1;3.480695E0;2.862687E2
2.076408E1;3.328888E0;2.861864E2
2.078074E1;3.411299E0;2.863134E2
2.079741E1;3.421536E0;2.863635E2
2.081407E1;3.345349E0;2.865547E2
2.083073E1;3.115069E0;2.862125E2
2.084740E1;3.209656E0;2.865239E2
2.086406E1;2.975547E0;2.863707E2
2.088073E1;3.027275E0;2.862341E2
2.089739E1;3.006855E0;2.861767E2
2.091406E1;2.818394E0;2.861289E2
2.093072E1;2.815861E0;2.858227E2
2.094739E1;2.782150E0;2.858368E2
2.096405E1;2.620263E0;2.859973E2
2.098072E1;2.717255E0;2.859315E2
2.099738E1;1.885637E0;2.866595E2
2.101405E1;1.935272E0;2.867017E2
2.103071E1;1.871063E0;2.867178E2
2.104737E1;1.889527E0;2.867958E2
2.106404E1;1.823790E0;2.868833E2
2.108070E1;2.026538E0;2.866912E2
2.109737E1;1.873287E0;2.864850E2
2.111403E1;1.630216E0;2.866337E2
2.113070E1;1.283500E0;2.864803E2
2.114736E1;9.600832E-1;2.863304E2
2.116403E1;9.879578E-1;2.863346E2
2.118069E1;8.635842E-1;2.862889E2
2.119736E1;6.758241E-1;2.861033E2
2.121402E1;6.880212E-1;2.862144E2
2.123068E1;6.904201E-1;2.861920E2
2.124735E1;7.392622E-1;2.863827E2
2.126401E1;6.980005E-1;2.862115E2
2.128068E1;5.266183E-1;2.863385E2
2.129734E1;2.967664E-1;2.865633E2
2.131401E1;4.326657E-1;2.865453E2
2.133067E1;1.298852E-1;2.864586E2
2.134734E1;1.202906E-1;2.865148E2
2.136400E1;7.203321E-2;2.864662E2
2.138067E1;1.608370E-2;2.863662E2
2.139733E1;-2.483283E-2;2.862980E2
2.141400E1;-5.417168E-2;2.862976E2
2.143066E1;-8.219231E-2;2.861015E2
2.144732E1;-4.437028E-2;2.861827E2
2.146399E1;-1.877885E-1;2.860501E2
2.148065E1;-1.686574E-1;2.860792E2
2.149732E1;-1.609662E-1;2.861124E2
2.151398E1;-4.857057E-2;2.863282E2
2.153065E1;4.875846E-2;2.863318E2
2.154731E1;3.016510E-2;2.863859E2
2.156398E1;7.739546E-2;2.863700E2
2.158064E1;1.018720E-1;2.865737E2
2.159731E1;-1.881916E-2;2.863883E2
2.161397E1;-2.586104E-1;2.862641E2
2.163063E1;-1.974619E-1;2.862289E2
2.164730E1;-1.044178E-1;2.862300E2
2.166396E1;1.941628E-2;2.861694E2
2.168063E1;1.901777E-1;2.862244E2
2.169729E1;1.062629E-1;2.863810E2
2.171396E1;3.566883E-1;2.862412E2
2.173062E1;3.128840E-1;2.862822E2
2.174729E1;2.692022E-1;2.863310E2
2.176395E1;2.910377E-1;2.864002E2
2.178062E1;2.909587E-1;2.863922E2
2.179728E1;2.873530E-1;2.864407E2
2.181395E1;3.095196E-1;2.864697E2
2.183061E1;4.013560E-1;2.866156E2
2.184727E1;3.220691E-1;2.864288E2
2.186394E1;5.080573E-1;2.864181E2
2.188060E1;3.859196E-1;2.863727E2
2.189727E1;3.895532E-1;2.861460E2
2.191393E1;4.293665E-1;2.861856E2
2.193060E1;3.391451E-1;2.863777E2
2.194726E1;5.764543E-1;2.863164E2
2.196393E1;6.017253E-1;2.862855E2
2.198059E1;1.475260E-1;2.865201E2
2.199726E1;9.305353E-1;2.863735E2
2.201392E1;1.172146E0;2.864931E2
2.203058E1;1.144416E0;2.864720E2
2.204725E1;1.005430E0;2.860942E2
2.206391E1;1.060161E0;2.861796E2
2.208058E1;1.376345E0;2.863560E2
2.209724E1;1.301888E0;2.863152E2
2.211391E1;1.050978E0;2.862751E2
2.213057E1;1.018142E0;2.862005E2
2.214724E1;1.187641E0;2.860251E2
2.216390E1;1.178842E0;2.861970E2
2.218057E1;1.231842E0;2.860360E2
2.219723E1;1.283191E0;2.861320E2
2.221390E1;1.360254E0;2.863018E2
2.223056E1;1.381930E0;2.863470E2
2.224722E1;1.286664E0;2.863822E2
2.226389E1;1.354326E0;2.865288E2
2.228055E1;1.377488E0;2.865012E2
2.229722E1;1.310266E0;2.863304E2
2.231388E1;1.178738E0;2.861835E2
2.233055E1;1.262573E0;2.864183E2
2.234721E1;1.146090E0;2.864024E2
2.236388E1;1.223261E0;2.863690E2
2.238054E1;1.273541E0;2.864230E2
2.239721E1;1.230664E0;2.862681E2
2.241387E1;1.338341E0;2.863379E2
2.243053E1;1.266981E0;2.861771E2
2.244720E1;1.256777E0;2.861876E2
2.246386E1;1.250330E0;2.863107E2
2.248053E1;1.330806E0;2.863422E2
2.249719E1;1.245672E0;2.863399E2
2.251386E1;1.228763E0;2.865468E2
2.253052E1;1.173742E0;2.865270E2
2.254719E1;1.121292E0;2.864758E2
2.256385E1;1.163955E0;2.865278E2
2.258052E1;1.169587E0;2.863856E2
2.259718E1;1.189845E0;2.864088E2
2.261385E1;1.200327E0;2.863576E2
2.263051E1;1.145148E0;2.862595E2
2.264717E1;1.206505E0;2.862139E2
2.266384E1;1.162577E0;2.862128E2
2.268050E1;1.331253E0;2.864191E2
2.269717E1;1.403051E0;2.862647E2
2.271383E1;1.306075E0;2.862115E2
2.273050E1;1.134513E0;2.863058E2
2.274716E1;1.207129E0;2.863449E2
2.276383E1;1.363947E0;2.865146E2
2.278049E1;1.209522E0;2.863270E2
2.279716E1;1.185786E0;2.863311E2
2.281382E1;9.299915E-1;2.862927E2
2.283049E1;9.002428E-1;2.862196E2
2.284715E1;7.616399E-1;2.862743E2
2.286381E1;9.747656E-1;2.861970E2
2.288048E1;1.028386E0;2.862265E2
2.289714E1;1.087416E0;2.860866E2
2.291381E1;9.498342E-1;2.862260E2
2.293047E1;9.999075E-1;2.862690E2
2.294714E1;1.219986E0;2.862640E2
2.296380E1;1.179568E0;2.864451E2
2.298047E1;1.364692E0;2.864317E2
2.299713E1;9.496399E-1;2.865428E2
2.301380E1;1.027390E0;2.863592E2
2.303046E1;1.077056E0;2.864950E2
2.304712E1;1.158803E0;2.863370E2
2.306379E1;1.006010E0;2.862901E2
2.308045E1;1.064128E0;2.861891E2
2.309712E1;1.203449E0;2.862043E2
2.311378E1;1.078790E0;2.862335E2
2.313045E1;1.087798E0;2.861609E2
2.314711E1;1.069224E0;2.861252E2
2.316378E1;9.567369E-1;2.863112E2
2.318044E1;1.004581E0;2.861778E2
2.319711E1;9.233664E-1;2.861836E2
2.321377E1;9.978761E-1;2.863312E2
2.323044E1;7.642133E-1;2.861387E2
2.324710E1;1.057766E0;2.862769E2
2.326376E1;9.939059E-1;2.863043E2
2.328043E1;9.330222E-1;2.861656E2
2.329709E1;8.172234E-1;2.861965E2
2.331376E1;1.025838E0;2.863128E2
2.333042E1;1.082975E0;2.863219E2
2.334709E1;1.022310E0;2.863099E2
2.336375E1;9.589730E-1;2.863279E2
2.338042E1;9.866741E-1;2.863503E2
2.339708E1;9.991304E-1;2.863199E2
2.341375E1;1.243214E0;2.863755E2
2.343041E1;1.196244E0;2.864825E2
2.344707E1;1.211328E0;2.862366E2
2.346374E1;1.239644E0;2.862331E2
2.348040E1;1.170582E0;2.861963E2
2.349707E1;1.157410E0;2.859960E2
2.351373E1;1.118532E0;2.861675E2
2.353040E1;1.185159E0;2.862893E2
2.354706E1;9.075877E-1;2.864677E2
2.356373E1;9.362545E-1;2.864939E2
2.358039E1;9.383244E-1;2.865270E2
2.359706E1;8.184128E-1;2.865786E2
2.361372E1;6.758547E-1;2.866813E2
2.363039E1;6.868675E-1;2.864498E2
2.364705E1;8.480269E-1;2.863273E2
2.366371E1;5.443508E-1;2.864192E2
2.368038E1;7.185587E-1;2.864049E2
2.369704E1;6.115980E-1;2.861939E2
2.371371E1;3.568178E-1;2.862290E2
2.373037E1;4.148231E-1;2.862166E2
2.374704E1;4.722816E-1;2.862013E2
2.376370E1;4.634506E-1;2.860010E2
2.378037E1;3.263537E-1;2.861289E2
2.379703E1;2.141434E-1;2.861885E2
2.381370E1;4.376541E-1;2.861612E2
2.383036E1;3.525967E-1;2.864157E2
2.384702E1;6.943118E-1;2.861120E2
2.386369E1;4.793686E-1;2.861098E2
2.388035E1;3.894487E-1;2.862502E2
2.389702E1;3.478723E-1;2.857727E2
2.391368E1;7.130964E-2;2.857962E2
2.393035E1;1.551365E-1;2.858800E2
2.394701E1;4.241842E-2;2.859306E2
2.396368E1;3.166011E-1;2.857405E2
2.398034E1;4.159670E-1;2.856841E2
2.399701E1;6.766579E-1;2.858565E2
2.401367E1;6.174160E-1;2.857511E2
2.403034E1;7.577986E-1;2.860743E2
2.404700E1;5.203128E-1;2.864618E2
