;massa B;;
t;x;y;
0.000000E0;2.535832E-1;2.877585E2
1.666460E-2;1.402459E-1;2.878710E2
3.332920E-2;2.738931E-1;2.877756E2
4.999379E-2;3.134797E-1;2.878075E2
6.665839E-2;3.033865E-1;2.878006E2
8.332299E-2;2.580633E-1;2.877513E2
9.998759E-2;2.127550E-1;2.878107E2
1.166522E-1;3.788525E-1;2.877045E2
1.333168E-1;2.755010E-1;2.878114E2
1.499814E-1;2.957545E-1;2.878510E2
1.666460E-1;2.969646E-1;2.877586E2
1.833106E-1;2.584094E-1;2.879169E2
1.999752E-1;1.370081E-1;2.878246E2
2.166398E-1;7.057810E-3;2.879403E2
2.333044E-1;5.342560E-2;2.878940E2
2.499690E-1;6.830312E-2;2.878370E2
2.666336E-1;2.545552E-1;2.877057E2
2.832982E-1;7.226568E-2;2.875328E2
2.999628E-1;1.158134E-1;2.876509E2
3.166274E-1;3.665095E-1;2.877505E2
3.332920E-1;2.523440E-1;2.878423E2
3.499566E-1;2.519303E-1;2.876860E2
3.666211E-1;2.457513E-1;2.877109E2
3.832857E-1;1.582097E-1;2.876795E2
3.999503E-1;2.326888E-1;2.878805E2
4.166149E-1;2.932566E-1;2.878617E2
4.332795E-1;1.891331E-1;2.876980E2
4.499441E-1;1.611180E-1;2.877181E2
4.666087E-1;6.065161E-2;2.877745E2
4.832733E-1;5.486668E-2;2.877992E2
4.999379E-1;1.526321E-1;2.877607E2
5.166025E-1;2.988716E-1;2.876981E2
5.332671E-1;1.941011E-1;2.877405E2
5.499317E-1;1.069043E-1;2.875758E2
5.665963E-1;1.448075E-1;2.876519E2
5.832609E-1;1.723217E-2;2.877424E2
5.999255E-1;-1.112386E-1;2.878436E2
6.165901E-1;-2.959879E-1;2.877721E2
6.332547E-1;-3.195148E-1;2.877668E2
6.499193E-1;-3.079697E-1;2.878750E2
6.665839E-1;-4.950754E-1;2.878943E2
6.832485E-1;-4.936849E-1;2.879298E2
6.999131E-1;-4.265451E-1;2.879240E2
7.165777E-1;-2.426397E-1;2.880639E2
7.332423E-1;-3.606291E-1;2.879259E2
7.499069E-1;-5.236565E-1;2.877669E2
7.665715E-1;-2.835505E-1;2.877665E2
7.832361E-1;-3.112666E-1;2.877378E2
7.999007E-1;-3.663059E-1;2.877064E2
8.165653E-1;-3.835822E-1;2.876180E2
8.332299E-1;-9.456163E-2;2.877485E2
8.498945E-1;-4.512683E-1;2.876123E2
8.665591E-1;-4.175906E-1;2.876684E2
8.832237E-1;-5.853844E-1;2.879256E2
8.998883E-1;-4.968851E-1;2.879019E2
9.165529E-1;-5.697141E-1;2.879402E2
9.332175E-1;-4.069858E-1;2.879481E2
9.498821E-1;-3.700084E-1;2.880053E2
9.665467E-1;-3.522512E-1;2.879570E2
9.832113E-1;-4.622562E-1;2.878975E2
9.998759E-1;-3.692667E-1;2.879136E2
1.016540E0;-4.768454E-1;2.877227E2
1.033205E0;-3.479887E-1;2.876693E2
1.049870E0;-4.043839E-1;2.876017E2
1.066534E0;-4.594487E-1;2.876574E2
1.083199E0;-4.463351E-1;2.877397E2
1.099863E0;-5.126737E-1;2.878301E2
1.116528E0;-6.579396E-1;2.877515E2
1.133193E0;-5.922543E-1;2.877863E2
1.149857E0;-8.130341E-1;2.879961E2
1.166522E0;-6.399490E-1;2.880611E2
1.183186E0;-3.376490E-1;2.880725E2
1.199851E0;-4.444705E-1;2.880705E2
1.216516E0;-3.352304E-1;2.879338E2
1.233180E0;-1.824210E-1;2.879523E2
1.249845E0;-3.940728E-1;2.877996E2
1.266509E0;-5.466555E-1;2.876788E2
1.283174E0;-3.827652E-1;2.877640E2
1.299839E0;-4.783768E-1;2.876302E2
1.316503E0;-5.870398E-1;2.878048E2
1.333168E0;-6.106559E-1;2.876880E2
1.349832E0;-6.767218E-1;2.878582E2
1.366497E0;-5.884656E-1;2.878333E2
1.383162E0;-6.504499E-1;2.878278E2
1.399826E0;-5.667762E-1;2.878720E2
1.416491E0;-3.701614E-1;2.881269E2
1.433155E0;-3.682850E-1;2.881237E2
1.449820E0;-2.359792E-1;2.879934E2
1.466485E0;-3.268531E-1;2.879785E2
1.483149E0;-1.693500E-1;2.878284E2
1.499814E0;-1.971055E-1;2.877935E2
1.516478E0;-2.329746E-1;2.875210E2
1.533143E0;-1.536461E-2;2.877925E2
1.549808E0;-9.765704E-2;2.877686E2
1.566472E0;-8.151539E-2;2.877362E2
1.583137E0;-9.607175E-2;2.876809E2
1.599801E0;-4.533478E-2;2.878572E2
1.616466E0;-3.264145E-2;2.880136E2
1.633131E0;-4.682858E-2;2.879169E2
1.649795E0;-8.975231E-2;2.880427E2
1.666460E0;4.350537E-2;2.879698E2
1.683124E0;3.460970E-2;2.878788E2
1.699789E0;4.796376E-2;2.878306E2
1.716454E0;8.126688E-2;2.878967E2
1.733118E0;1.410587E-1;2.878833E2
1.749783E0;8.998642E-2;2.877332E2
1.766447E0;4.593845E-2;2.877312E2
1.783112E0;1.327612E-1;2.876557E2
1.799777E0;2.116887E-1;2.876626E2
1.816441E0;7.584126E-2;2.877570E2
1.833106E0;7.322111E-2;2.877241E2
1.849770E0;-1.056602E-2;2.878820E2
1.866435E0;-4.419882E-2;2.880381E2
1.883100E0;-4.084520E-2;2.880419E2
1.899764E0;-4.335439E-2;2.880917E2
1.916429E0;-1.639680E-1;2.879900E2
1.933093E0;1.862722E-1;2.880609E2
1.949758E0;1.006192E-1;2.879202E2
1.966423E0;7.839621E-2;2.879839E2
1.983087E0;1.230369E-1;2.879435E2
1.999752E0;3.761646E-1;2.877974E2
2.016416E0;1.134329E-1;2.877338E2
2.033081E0;8.815837E-2;2.876393E2
2.049746E0;-3.917171E-2;2.876765E2
2.066410E0;2.051900E-1;2.877032E2
2.083075E0;1.870932E-1;2.877355E2
2.099739E0;2.757083E-1;2.878336E2
2.116404E0;3.325738E-1;2.877944E2
2.133069E0;6.275551E-1;2.879652E2
2.149733E0;4.920388E-1;2.879728E2
2.166398E0;5.513484E-1;2.880928E2
2.183062E0;3.524914E-1;2.878796E2
2.199727E0;3.855226E-1;2.879874E2
2.216391E0;3.011260E-1;2.879366E2
2.233056E0;1.724307E-1;2.877678E2
2.249721E0;1.582169E-1;2.877258E2
2.266385E0;-3.800120E-3;2.876021E2
2.283050E0;2.116523E-1;2.877847E2
2.299714E0;1.357706E-1;2.877578E2
2.316379E0;3.278311E-1;2.878146E2
2.333044E0;3.280003E-1;2.879032E2
2.349708E0;3.208436E-1;2.879220E2
2.366373E0;5.455648E-1;2.880812E2
2.383037E0;5.027076E-1;2.879976E2
2.399702E0;5.393551E-1;2.878348E2
2.416367E0;4.620471E-1;2.880634E2
2.433031E0;4.010455E-1;2.879544E2
2.449696E0;3.242866E-1;2.879475E2
2.466360E0;3.307081E-1;2.879037E2
2.483025E0;9.313393E-2;2.876807E2
2.499690E0;1.220587E-1;2.876723E2
2.516354E0;3.371936E-1;2.878076E2
2.533019E0;1.581689E-1;2.877226E2
2.549683E0;1.268744E-1;2.876146E2
2.566348E0;2.366079E-1;2.877696E2
2.583013E0;2.648423E-1;2.877523E2
2.599677E0;4.869600E-1;2.878243E2
2.616342E0;-8.172013E-2;2.879578E2
2.633006E0;-6.111079E-1;2.879802E2
2.649671E0;-7.517077E-1;2.880016E2
2.666336E0;-8.817460E-1;2.881376E2
2.683000E0;-9.675519E-1;2.878398E2
2.699665E0;-5.612292E-1;2.879230E2
2.716329E0;-4.715872E-2;2.877765E2
2.732994E0;9.379441E-1;2.876032E2
2.749659E0;2.209033E0;2.877619E2
2.766323E0;3.815133E0;2.877289E2
2.782988E0;5.315329E0;2.878096E2
2.799652E0;7.499282E0;2.878598E2
2.816317E0;9.544414E0;2.878401E2
2.832982E0;1.169071E1;2.875751E2
2.849646E0;1.454515E1;2.877749E2
2.866311E0;1.699757E1;2.875670E2
2.882975E0;2.007857E1;2.872530E2
2.899640E0;2.341690E1;2.869150E2
2.916305E0;2.676957E1;2.865209E2
2.932969E0;3.093231E1;2.860363E2
2.949634E0;3.533346E1;2.855422E2
2.966298E0;3.960164E1;2.845652E2
2.982963E0;4.487358E1;2.840938E2
2.999628E0;5.048870E1;2.831251E2
3.016292E0;5.559291E1;2.821790E2
3.032957E0;6.204100E1;2.806516E2
3.049621E0;6.783047E1;2.795581E2
3.066286E0;7.397803E1;2.782765E2
3.082951E0;7.995488E1;2.768442E2
3.099615E0;8.607704E1;2.751700E2
3.116280E0;9.240773E1;2.731376E2
3.132944E0;9.921704E1;2.707569E2
3.149609E0;1.057179E2;2.684744E2
3.166274E0;1.130279E2;2.658424E2
3.182938E0;1.203510E2;2.627163E2
3.199603E0;1.274970E2;2.590834E2
3.216267E0;1.353918E2;2.554485E2
3.232932E0;1.426220E2;2.518913E2
3.249597E0;1.502360E2;2.478384E2
3.266261E0;1.581015E2;2.436630E2
3.282926E0;1.658718E2;2.389546E2
3.299590E0;1.744065E2;2.335658E2
3.316255E0;1.824609E2;2.278692E2
3.332920E0;1.904191E2;2.221592E2
3.349584E0;1.988581E2;2.150925E2
3.366249E0;2.069599E2;2.073422E2
3.382913E0;2.155037E2;1.983767E2
3.399578E0;2.240603E2;1.890699E2
3.416243E0;2.326694E2;1.785246E2
3.432907E0;2.405955E2;1.670869E2
3.449572E0;2.480344E2;1.555345E2
3.466236E0;2.548265E2;1.437158E2
3.482901E0;2.612603E2;1.320634E2
3.499566E0;2.669667E2;1.200529E2
3.516230E0;2.718394E2;1.087887E2
3.532895E0;2.762470E2;9.857740E1
3.549559E0;2.795777E2;8.805856E1
3.566224E0;2.823464E2;7.829487E1
3.582889E0;2.844583E2;6.928424E1
3.599553E0;2.861514E2;6.078811E1
3.616218E0;2.875006E2;5.331685E1
3.632882E0;2.886998E2;4.606424E1
3.649547E0;2.898356E2;3.933610E1
3.666211E0;2.903622E2;3.256693E1
3.682876E0;2.910523E2;2.637632E1
3.699541E0;2.913476E2;2.027454E1
3.716205E0;2.915778E2;1.456034E1
3.732870E0;2.899672E2;9.372256E0
3.749534E0;2.909715E2;5.000551E0
3.766199E0;2.897338E2;1.830310E0
3.782864E0;2.892521E2;-1.313107E0
3.799528E0;2.886538E2;-4.424262E0
3.816193E0;2.901637E2;-7.953461E0
3.832857E0;2.882684E2;-9.866916E0
3.849522E0;2.880236E2;-1.282337E1
3.866187E0;2.884323E2;-1.560397E1
3.882851E0;2.881913E2;-1.770486E1
3.899516E0;2.880440E2;-1.969301E1
3.916180E0;2.874268E2;-2.071832E1
3.932845E0;2.872301E2;-2.181183E1
3.949510E0;2.874851E2;-2.281056E1
3.966174E0;2.867210E2;-2.276694E1
3.982839E0;2.865812E2;-2.292386E1
3.999503E0;2.857178E2;-2.196624E1
4.016168E0;2.863016E2;-2.228783E1
4.032833E0;2.852695E2;-2.034113E1
4.049497E0;2.842228E2;-1.829003E1
4.066162E0;2.839706E2;-1.759885E1
4.082826E0;2.843354E2;-1.686611E1
4.099491E0;2.840148E2;-1.629128E1
4.116156E0;2.841377E2;-1.505996E1
4.132820E0;2.839109E2;-1.346536E1
4.149485E0;2.844114E2;-9.852834E0
4.166149E0;2.834388E2;-4.509849E0
4.182814E0;2.836738E2;2.116232E0
4.199479E0;2.836223E2;1.022388E1
4.216143E0;2.827061E2;2.019126E1
4.232808E0;2.820560E2;3.051613E1
4.249472E0;2.805994E2;4.305140E1
4.266137E0;2.784765E2;5.594454E1
4.282802E0;2.755139E2;7.013367E1
4.299466E0;2.714686E2;8.479166E1
4.316131E0;2.663061E2;1.004171E2
4.332795E0;2.599819E2;1.168518E2
4.349460E0;2.524295E2;1.332244E2
4.366125E0;2.428561E2;1.499194E2
4.382789E0;2.322778E2;1.667197E2
4.399454E0;2.204545E2;1.841320E2
4.416118E0;2.066870E2;2.001500E2
4.432783E0;1.913847E2;2.153143E2
4.449448E0;1.749280E2;2.294097E2
4.466112E0;1.571636E2;2.430885E2
4.482777E0;1.383967E2;2.548960E2
4.499441E0;1.181602E2;2.651819E2
4.516106E0;9.735939E1;2.739456E2
4.532771E0;7.565413E1;2.794976E2
4.549435E0;5.517441E1;2.835842E2
4.566100E0;3.289818E1;2.862942E2
4.582764E0;1.097698E1;2.875063E2
4.599429E0;-1.095796E1;2.869416E2
4.616094E0;-3.344781E1;2.847371E2
4.632758E0;-5.472330E1;2.808262E2
4.649423E0;-7.514650E1;2.756301E2
4.666087E0;-9.600430E1;2.691411E2
4.682752E0;-1.143476E2;2.612741E2
4.699417E0;-1.331875E2;2.514570E2
4.716081E0;-1.490756E2;2.417788E2
4.732746E0;-1.666062E2;2.315628E2
4.749410E0;-1.800647E2;2.205902E2
4.766075E0;-1.946987E2;2.097694E2
4.782740E0;-2.070677E2;1.983844E2
4.799404E0;-2.167931E2;1.871407E2
4.816069E0;-2.254160E2;1.761760E2
4.832733E0;-2.310970E2;1.663189E2
4.849398E0;-2.395926E2;1.563437E2
4.866063E0;-2.400533E2;1.476406E2
4.882727E0;-2.478255E2;1.392266E2
4.899392E0;-2.480207E2;1.324236E2
4.916056E0;-2.518654E2;1.254921E2
4.932721E0;-2.541915E2;1.204790E2
4.949386E0;-2.562967E2;1.155859E2
4.966050E0;-2.580457E2;1.121267E2
4.982715E0;-2.591548E2;1.091676E2
4.999379E0;-2.595634E2;1.072941E2
5.016044E0;-2.595289E2;1.064291E2
5.032709E0;-2.593092E2;1.066750E2
5.049373E0;-2.590533E2;1.083485E2
5.066038E0;-2.580374E2;1.106331E2
5.082702E0;-2.565050E2;1.138282E2
5.099367E0;-2.548835E2;1.177561E2
5.116031E0;-2.529099E2;1.227387E2
5.132696E0;-2.499884E2;1.282859E2
5.149361E0;-2.476353E2;1.347781E2
5.166025E0;-2.433709E2;1.420292E2
5.182690E0;-2.401460E2;1.496285E2
5.199354E0;-2.348592E2;1.580764E2
5.216019E0;-2.291118E2;1.673390E2
5.232684E0;-2.226546E2;1.765350E2
5.249348E0;-2.145626E2;1.857628E2
5.266013E0;-2.053567E2;1.958198E2
5.282677E0;-1.963140E2;2.056704E2
5.299342E0;-1.863234E2;2.153528E2
5.316007E0;-1.750567E2;2.247709E2
5.332671E0;-1.633415E2;2.342762E2
5.349336E0;-1.511491E2;2.429360E2
5.366000E0;-1.386038E2;2.511057E2
5.382665E0;-1.247684E2;2.587462E2
5.399330E0;-1.119007E2;2.657511E2
5.415994E0;-9.630830E1;2.718022E2
5.432659E0;-8.416900E1;2.777741E2
5.449323E0;-6.783689E1;2.827469E2
5.465988E0;-5.114196E1;2.863430E2
5.482653E0;-3.367540E1;2.888238E2
5.499317E0;-1.611145E1;2.899051E2
5.515982E0;3.354703E-1;2.903984E2
5.532646E0;1.719407E1;2.900867E2
5.549311E0;3.307233E1;2.887945E2
5.565976E0;4.942895E1;2.865723E2
5.582640E0;6.386704E1;2.840310E2
5.599305E0;7.932026E1;2.795188E2
5.615969E0;9.328893E1;2.756284E2
5.632634E0;1.075001E2;2.695110E2
5.649299E0;1.199369E2;2.640719E2
5.665963E0;1.328697E2;2.565335E2
5.682628E0;1.439412E2;2.508425E2
5.699292E0;1.545602E2;2.438299E2
5.715957E0;1.641712E2;2.378649E2
5.732622E0;1.734344E2;2.317947E2
5.749286E0;1.810992E2;2.259727E2
5.765951E0;1.888638E2;2.204728E2
5.782615E0;1.949232E2;2.152776E2
5.799280E0;2.007973E2;2.103056E2
5.815945E0;2.055504E2;2.054908E2
5.832609E0;2.097732E2;2.018792E2
5.849274E0;2.135216E2;1.982767E2
5.865938E0;2.161550E2;1.953340E2
5.882603E0;2.184688E2;1.929923E2
5.899268E0;2.197949E2;1.912280E2
5.915932E0;2.208220E2;1.901243E2
5.932597E0;2.214812E2;1.897838E2
5.949261E0;2.212290E2;1.899891E2
5.965926E0;2.207177E2;1.909279E2
5.982591E0;2.196014E2;1.923116E2
5.999255E0;2.172480E2;1.943510E2
6.015920E0;2.146659E2;1.970830E2
6.032584E0;2.115490E2;2.001932E2
6.049249E0;2.075395E2;2.034338E2
6.065914E0;2.031136E2;2.075096E2
6.082578E0;1.982454E2;2.118259E2
6.099243E0;1.922707E2;2.164813E2
6.115907E0;1.860413E2;2.213932E2
6.132572E0;1.794408E2;2.261474E2
6.149237E0;1.719712E2;2.313545E2
6.165901E0;1.639735E2;2.369285E2
6.182566E0;1.557895E2;2.420870E2
6.199230E0;1.468206E2;2.473468E2
6.215895E0;1.373648E2;2.525450E2
6.232560E0;1.276865E2;2.573502E2
6.249224E0;1.172003E2;2.619832E2
6.265889E0;1.067219E2;2.662735E2
6.282553E0;9.569511E1;2.701040E2
6.299218E0;8.481440E1;2.734762E2
6.315883E0;7.369485E1;2.764695E2
6.332547E0;6.181156E1;2.793326E2
6.349212E0;5.058652E1;2.814348E2
6.365876E0;3.972635E1;2.829127E2
6.382541E0;2.760451E1;2.841125E2
6.399206E0;1.595796E1;2.849272E2
6.415870E0;4.155182E0;2.848570E2
6.432535E0;-7.220420E0;2.848894E2
6.449199E0;-1.881516E1;2.839786E2
6.465864E0;-3.013407E1;2.830285E2
6.482529E0;-4.118505E1;2.812269E2
6.499193E0;-5.204237E1;2.792892E2
6.515858E0;-6.170709E1;2.771098E2
6.532522E0;-7.196406E1;2.743945E2
6.549187E0;-8.112476E1;2.714735E2
6.565851E0;-9.015943E1;2.684179E2
6.582516E0;-9.819082E1;2.653894E2
6.599181E0;-1.059922E2;2.621505E2
6.615845E0;-1.130811E2;2.589410E2
6.632510E0;-1.198489E2;2.557940E2
6.649174E0;-1.258793E2;2.527884E2
6.665839E0;-1.311662E2;2.499370E2
6.682504E0;-1.362137E2;2.470170E2
6.699168E0;-1.401846E2;2.449990E2
6.715833E0;-1.440768E2;2.424319E2
6.732497E0;-1.478670E2;2.400939E2
6.749162E0;-1.503208E2;2.383677E2
6.765827E0;-1.531769E2;2.362882E2
6.782491E0;-1.549824E2;2.349625E2
6.799156E0;-1.562791E2;2.342149E2
6.815820E0;-1.573112E2;2.333665E2
6.832485E0;-1.578194E2;2.329373E2
6.849150E0;-1.578851E2;2.329998E2
6.865814E0;-1.573688E2;2.334346E2
6.882479E0;-1.562455E2;2.347547E2
6.899143E0;-1.551481E2;2.355132E2
6.915808E0;-1.532584E2;2.373468E2
6.932473E0;-1.511655E2;2.385211E2
6.949137E0;-1.483110E2;2.405755E2
6.965802E0;-1.453119E2;2.425802E2
6.982466E0;-1.421178E2;2.445190E2
6.999131E0;-1.387371E2;2.468222E2
7.015796E0;-1.342749E2;2.495598E2
7.032460E0;-1.295206E2;2.520683E2
7.049125E0;-1.242890E2;2.547727E2
7.065789E0;-1.191046E2;2.575139E2
7.082454E0;-1.128478E2;2.605633E2
7.099119E0;-1.071506E2;2.634789E2
7.115783E0;-1.009629E2;2.662403E2
7.132448E0;-9.440837E1;2.687029E2
7.149112E0;-8.725213E1;2.716526E2
7.165777E0;-8.036312E1;2.741389E2
7.182442E0;-7.292057E1;2.767276E2
7.199106E0;-6.494539E1;2.787399E2
7.215771E0;-5.669384E1;2.806857E2
7.232435E0;-4.846756E1;2.823892E2
7.249100E0;-3.966586E1;2.839401E2
7.265765E0;-3.134815E1;2.848403E2
7.282429E0;-2.279836E1;2.858446E2
7.299094E0;-1.421415E1;2.864576E2
7.315758E0;-5.460091E0;2.867335E2
7.332423E0;2.885205E0;2.869319E2
7.349088E0;1.147273E1;2.868962E2
7.365752E0;1.931321E1;2.866156E2
7.382417E0;2.749879E1;2.864840E2
7.399081E0;3.529350E1;2.853985E2
7.415746E0;4.296338E1;2.848143E2
7.432411E0;5.054399E1;2.834371E2
7.449075E0;5.749451E1;2.823844E2
7.465740E0;6.442759E1;2.808123E2
7.482404E0;7.130864E1;2.793472E2
7.499069E0;7.754369E1;2.771557E2
7.515734E0;8.288558E1;2.755272E2
7.532398E0;8.843594E1;2.733285E2
7.549063E0;9.395598E1;2.720077E2
7.565727E0;9.837537E1;2.699954E2
7.582392E0;1.019433E2;2.683581E2
7.599057E0;1.062802E2;2.668923E2
7.615721E0;1.097623E2;2.655680E2
7.632386E0;1.127670E2;2.645705E2
7.649050E0;1.152660E2;2.637301E2
7.665715E0;1.175080E2;2.626853E2
7.682380E0;1.192058E2;2.619789E2
7.699044E0;1.199825E2;2.611616E2
7.715709E0;1.219833E2;2.608564E2
7.732373E0;1.228911E2;2.608684E2
7.749038E0;1.222659E2;2.603758E2
7.765703E0;1.222680E2;2.602816E2
7.782367E0;1.216165E2;2.603104E2
7.799032E0;1.213776E2;2.609010E2
7.815696E0;1.191028E2;2.612945E2
7.832361E0;1.181628E2;2.620694E2
7.849026E0;1.164448E2;2.627493E2
7.865690E0;1.137999E2;2.638769E2
7.882355E0;1.107871E2;2.649033E2
7.899019E0;1.079047E2;2.660031E2
7.915684E0;1.042711E2;2.669416E2
7.932349E0;1.006351E2;2.682631E2
7.949013E0;9.772552E1;2.698920E2
7.965678E0;9.318625E1;2.710932E2
7.982342E0;8.846628E1;2.723709E2
7.999007E0;8.464700E1;2.737355E2
8.015671E0;7.923439E1;2.753731E2
8.032336E0;7.389685E1;2.764075E2
8.049001E0;6.921658E1;2.777625E2
8.065665E0;6.368243E1;2.791528E2
8.082330E0;5.763776E1;2.801467E2
8.098994E0;5.179814E1;2.811235E2
8.115659E0;4.595176E1;2.820293E2
8.132324E0;4.011264E1;2.829471E2
8.148988E0;3.439709E1;2.840403E2
8.165653E0;2.852485E1;2.847650E2
8.182317E0;2.212953E1;2.851600E2
8.198982E0;1.585703E1;2.852539E2
8.215647E0;9.848206E0;2.853674E2
8.232311E0;3.946111E0;2.855569E2
8.248976E0;-2.063102E0;2.853307E2
8.265640E0;-7.775541E0;2.853143E2
8.282305E0;-1.395793E1;2.849498E2
8.298970E0;-1.957591E1;2.844429E2
8.315634E0;-2.566768E1;2.841065E2
8.332299E0;-3.000031E1;2.836842E2
8.348963E0;-3.543393E1;2.829995E2
8.365628E0;-4.055427E1;2.826031E2
8.382293E0;-4.502118E1;2.819690E2
8.398957E0;-4.935802E1;2.810376E2
8.415622E0;-5.374761E1;2.803591E2
8.432286E0;-5.767350E1;2.794945E2
8.448951E0;-6.141356E1;2.790368E2
8.465616E0;-6.501967E1;2.780913E2
8.482280E0;-6.860762E1;2.773164E2
8.498945E0;-7.171648E1;2.764787E2
8.515609E0;-7.480187E1;2.756505E2
8.532274E0;-7.699277E1;2.750519E2
8.548939E0;-7.859186E1;2.743741E2
8.565603E0;-8.050341E1;2.738806E2
8.582268E0;-8.222563E1;2.734394E2
8.598932E0;-8.311025E1;2.732555E2
8.615597E0;-8.352820E1;2.732157E2
8.632262E0;-8.447525E1;2.731117E2
8.648926E0;-8.428417E1;2.730462E2
8.665591E0;-8.421278E1;2.733546E2
8.682255E0;-8.402975E1;2.734443E2
8.698920E0;-8.329444E1;2.736206E2
8.715585E0;-8.268365E1;2.737505E2
8.732249E0;-8.152164E1;2.741379E2
8.748914E0;-8.017442E1;2.743712E2
8.765578E0;-7.888528E1;2.745259E2
8.782243E0;-7.687740E1;2.754195E2
8.798908E0;-7.493325E1;2.760746E2
8.815572E0;-7.279110E1;2.768432E2
8.832237E0;-7.020718E1;2.777374E2
8.848901E0;-6.774257E1;2.781174E2
8.865566E0;-6.475084E1;2.790958E2
8.882231E0;-6.136870E1;2.797714E2
8.898895E0;-5.776836E1;2.807432E2
8.915560E0;-5.441873E1;2.814022E2
8.932224E0;-5.088428E1;2.821840E2
8.948889E0;-4.702890E1;2.827299E2
8.965554E0;-4.328890E1;2.833823E2
8.982218E0;-3.964640E1;2.838255E2
8.998883E0;-3.564903E1;2.844073E2
9.015547E0;-3.164542E1;2.850561E2
9.032212E0;-2.716130E1;2.853444E2
9.048877E0;-2.286803E1;2.857217E2
9.065541E0;-1.857243E1;2.859841E2
9.082206E0;-1.436240E1;2.863417E2
9.098870E0;-9.504159E0;2.866843E2
9.115535E0;-5.212503E0;2.868170E2
9.132200E0;-6.592548E-1;2.868909E2
9.148864E0;3.404537E0;2.869141E2
9.165529E0;7.707357E0;2.867801E2
9.182193E0;1.164767E1;2.867414E2
9.198858E0;1.564700E1;2.866467E2
9.215523E0;1.958133E1;2.864845E2
9.232187E0;2.356460E1;2.858232E2
9.248852E0;2.726203E1;2.855438E2
9.265516E0;3.087756E1;2.851772E2
9.282181E0;3.444042E1;2.848746E2
9.298846E0;3.773703E1;2.839581E2
9.315510E0;4.111514E1;2.837968E2
9.332175E0;4.401956E1;2.834276E2
9.348839E0;4.662077E1;2.830898E2
9.365504E0;4.919073E1;2.827788E2
9.382169E0;5.158254E1;2.824317E2
9.398833E0;5.403355E1;2.819644E2
9.415498E0;5.592622E1;2.817260E2
9.432162E0;5.746539E1;2.812981E2
9.448827E0;5.904798E1;2.808902E2
9.465491E0;6.070894E1;2.806683E2
9.482156E0;6.119673E1;2.804797E2
9.498821E0;6.215086E1;2.801893E2
9.515485E0;6.273948E1;2.800895E2
9.532150E0;6.357773E1;2.799715E2
9.548814E0;6.386638E1;2.799645E2
9.565479E0;6.404783E1;2.798856E2
9.582144E0;6.376010E1;2.798959E2
9.598808E0;6.339095E1;2.798873E2
9.615473E0;6.270075E1;2.800212E2
9.632137E0;6.188334E1;2.801650E2
9.648802E0;6.090453E1;2.803666E2
9.665467E0;6.031480E1;2.804638E2
9.682131E0;5.897543E1;2.811038E2
9.698796E0;5.747478E1;2.810625E2
9.715460E0;5.570577E1;2.814460E2
9.732125E0;5.369930E1;2.814842E2
9.748790E0;5.212148E1;2.817370E2
9.765454E0;4.986068E1;2.822087E2
9.782119E0;4.787880E1;2.826474E2
9.798783E0;4.543813E1;2.830082E2
9.815448E0;4.279389E1;2.833706E2
9.832113E0;4.040753E1;2.839380E2
9.848777E0;3.747518E1;2.843468E2
9.865442E0;3.472339E1;2.848834E2
9.882106E0;3.153173E1;2.852627E2
9.898771E0;2.828623E1;2.854264E2
9.915436E0;2.531579E1;2.855538E2
9.932100E0;2.214790E1;2.858607E2
9.948765E0;1.895001E1;2.861555E2
9.965429E0;1.611821E1;2.862281E2
9.982094E0;1.324774E1;2.863377E2
9.998759E0;9.607695E0;2.866477E2
1.001542E1;6.306161E0;2.867082E2
1.003209E1;3.495175E0;2.868367E2
1.004875E1;2.703605E-1;2.867874E2
1.006542E1;-2.297201E0;2.868633E2
1.008208E1;-5.600165E0;2.868887E2
1.009875E1;-8.139622E0;2.867741E2
1.011541E1;-1.108024E1;2.867636E2
1.013208E1;-1.296323E1;2.866967E2
1.014874E1;-1.602554E1;2.867099E2
1.016540E1;-1.849585E1;2.869176E2
1.018207E1;-2.095310E1;2.864423E2
1.019873E1;-2.289042E1;2.862249E2
1.021540E1;-2.538363E1;2.860346E2
1.023206E1;-2.763869E1;2.860403E2
1.024873E1;-2.974403E1;2.856670E2
1.026539E1;-3.085246E1;2.854993E2
1.028206E1;-3.276440E1;2.855266E2
1.029872E1;-3.472029E1;2.853165E2
1.031539E1;-3.605221E1;2.852914E2
1.033205E1;-3.726327E1;2.852667E2
1.034872E1;-3.868552E1;2.853300E2
1.036538E1;-3.958581E1;2.854116E2
1.038204E1;-3.994716E1;2.852990E2
1.039871E1;-4.084531E1;2.848300E2
1.041537E1;-4.147526E1;2.848062E2
1.043204E1;-4.194572E1;2.848037E2
1.044870E1;-4.191708E1;2.847470E2
1.046537E1;-4.214168E1;2.846865E2
1.048203E1;-4.214460E1;2.846851E2
1.049870E1;-4.161237E1;2.848182E2
1.051536E1;-4.128099E1;2.845607E2
1.053203E1;-4.062676E1;2.848097E2
1.054869E1;-4.000401E1;2.847211E2
1.056535E1;-3.953723E1;2.849990E2
1.058202E1;-3.864277E1;2.850768E2
1.059868E1;-3.775263E1;2.851063E2
1.061535E1;-3.649940E1;2.852096E2
1.063201E1;-3.566793E1;2.852508E2
1.064868E1;-3.443543E1;2.853956E2
1.066534E1;-3.264991E1;2.853621E2
1.068201E1;-3.104239E1;2.853490E2
1.069867E1;-2.901480E1;2.854548E2
1.071534E1;-2.778753E1;2.857993E2
1.073200E1;-2.590714E1;2.860382E2
1.074867E1;-2.372153E1;2.862302E2
1.076533E1;-2.163467E1;2.859854E2
1.078199E1;-1.985283E1;2.862442E2
1.079866E1;-1.779626E1;2.866877E2
1.081532E1;-1.571718E1;2.868751E2
1.083199E1;-1.409947E1;2.868816E2
1.084865E1;-1.154922E1;2.869501E2
1.086532E1;-9.345740E0;2.870681E2
1.088198E1;-7.104150E0;2.871346E2
1.089865E1;-5.329211E0;2.870543E2
1.091531E1;-2.820948E0;2.870015E2
1.093198E1;-8.750377E-1;2.869535E2
1.094864E1;1.367163E0;2.870350E2
1.096531E1;3.523427E0;2.869972E2
1.098197E1;5.557775E0;2.870391E2
1.099863E1;7.394717E0;2.867666E2
1.101530E1;9.374960E0;2.869280E2
1.103196E1;1.089867E1;2.867289E2
1.104863E1;1.274522E1;2.867005E2
1.106529E1;1.472262E1;2.866407E2
1.108196E1;1.660711E1;2.866522E2
1.109862E1;1.839699E1;2.867176E2
1.111529E1;1.976616E1;2.864904E2
1.113195E1;2.082793E1;2.863902E2
1.114862E1;2.292698E1;2.862641E2
1.116528E1;2.430144E1;2.860007E2
1.118195E1;2.533522E1;2.858428E2
1.119861E1;2.613629E1;2.858381E2
1.121527E1;2.716674E1;2.858181E2
1.123194E1;2.804879E1;2.857787E2
1.124860E1;2.918566E1;2.855799E2
1.126527E1;3.018899E1;2.854200E2
1.128193E1;3.031147E1;2.854282E2
1.129860E1;3.052828E1;2.855089E2
1.131526E1;3.128591E1;2.855535E2
1.133193E1;3.140075E1;2.854759E2
1.134859E1;3.155952E1;2.854622E2
1.136526E1;3.165155E1;2.855688E2
1.138192E1;3.151224E1;2.856553E2
1.139858E1;3.154347E1;2.856668E2
1.141525E1;3.125250E1;2.856227E2
1.143191E1;3.066834E1;2.855350E2
1.144858E1;3.024525E1;2.857391E2
1.146524E1;2.981622E1;2.859221E2
1.148191E1;2.913721E1;2.858790E2
1.149857E1;2.843768E1;2.860246E2
1.151524E1;2.761387E1;2.858800E2
1.153190E1;2.656989E1;2.860815E2
1.154857E1;2.566043E1;2.861763E2
1.156523E1;2.502285E1;2.864991E2
1.158190E1;2.382110E1;2.864298E2
1.159856E1;2.253327E1;2.867829E2
1.161522E1;2.137565E1;2.868159E2
1.163189E1;1.986665E1;2.870404E2
1.164855E1;1.827444E1;2.869318E2
1.166522E1;1.678196E1;2.870148E2
1.168188E1;1.550703E1;2.870552E2
1.169855E1;1.398349E1;2.870692E2
1.171521E1;1.268621E1;2.870237E2
1.173188E1;1.128619E1;2.871443E2
1.174854E1;9.454867E0;2.873098E2
1.176521E1;8.099354E0;2.874850E2
1.178187E1;6.355873E0;2.875888E2
1.179854E1;5.070953E0;2.875783E2
1.181520E1;3.389318E0;2.876996E2
1.183186E1;2.401184E0;2.877787E2
1.184853E1;5.896684E-1;2.878586E2
1.186519E1;-1.121533E0;2.878149E2
1.188186E1;-2.934234E0;2.877161E2
1.189852E1;-4.159454E0;2.877425E2
1.191519E1;-5.568523E0;2.877151E2
1.193185E1;-7.167596E0;2.876115E2
1.194852E1;-8.471072E0;2.875872E2
1.196518E1;-9.147322E0;2.874904E2
1.198185E1;-1.053610E1;2.875175E2
1.199851E1;-1.145783E1;2.874953E2
1.201517E1;-1.277744E1;2.876435E2
1.203184E1;-1.408661E1;2.876233E2
1.204850E1;-1.498037E1;2.876136E2
1.206517E1;-1.591202E1;2.875119E2
1.208183E1;-1.720494E1;2.876586E2
1.209850E1;-1.772735E1;2.874673E2
1.211516E1;-1.811879E1;2.875303E2
1.213183E1;-1.833305E1;2.873649E2
1.214849E1;-1.889958E1;2.871679E2
1.216516E1;-1.945251E1;2.870808E2
1.218182E1;-1.987252E1;2.868957E2
1.219849E1;-2.022040E1;2.867369E2
1.221515E1;-2.042030E1;2.868043E2
1.223181E1;-2.069745E1;2.868733E2
1.224848E1;-2.078656E1;2.868557E2
1.226514E1;-2.075115E1;2.868646E2
1.228181E1;-2.072999E1;2.869532E2
1.229847E1;-2.056409E1;2.868340E2
1.231514E1;-2.035833E1;2.870456E2
1.233180E1;-1.958969E1;2.869144E2
1.234847E1;-1.953248E1;2.869314E2
1.236513E1;-1.954030E1;2.869332E2
1.238180E1;-1.919743E1;2.870949E2
1.239846E1;-1.876753E1;2.870298E2
1.241513E1;-1.798667E1;2.870106E2
1.243179E1;-1.766229E1;2.868172E2
1.244845E1;-1.659437E1;2.868870E2
1.246512E1;-1.598830E1;2.868535E2
1.248178E1;-1.536920E1;2.872336E2
1.249845E1;-1.466148E1;2.873964E2
1.251511E1;-1.370040E1;2.875292E2
1.253178E1;-1.329051E1;2.874854E2
1.254844E1;-1.191013E1;2.876989E2
1.256511E1;-1.098757E1;2.875381E2
1.258177E1;-1.002571E1;2.877744E2
1.259844E1;-8.684957E0;2.876951E2
1.261510E1;-7.738860E0;2.876817E2
1.263177E1;-6.840499E0;2.876348E2
1.264843E1;-5.851172E0;2.876919E2
1.266509E1;-4.882982E0;2.875950E2
1.268176E1;-3.765412E0;2.875485E2
1.269842E1;-2.612782E0;2.877442E2
1.271509E1;-1.689521E0;2.875429E2
1.273175E1;-2.031961E-1;2.875699E2
1.274842E1;8.409129E-1;2.875809E2
1.276508E1;1.911611E0;2.876559E2
1.278175E1;3.017609E0;2.877917E2
1.279841E1;3.808246E0;2.875100E2
1.281508E1;4.773402E0;2.875537E2
1.283174E1;5.846375E0;2.876334E2
1.284840E1;6.728472E0;2.878770E2
1.286507E1;7.199896E0;2.877145E2
1.288173E1;8.078072E0;2.875776E2
1.289840E1;8.853692E0;2.876247E2
1.291506E1;9.835308E0;2.874891E2
1.293173E1;1.084643E1;2.875815E2
1.294839E1;1.150084E1;2.876977E2
1.296506E1;1.206901E1;2.875473E2
1.298172E1;1.275365E1;2.876358E2
1.299839E1;1.334101E1;2.876473E2
1.301505E1;1.355138E1;2.877963E2
1.303172E1;1.382474E1;2.876397E2
1.304838E1;1.427491E1;2.878279E2
1.306504E1;1.462423E1;2.876632E2
1.308171E1;1.487772E1;2.873889E2
1.309837E1;1.516812E1;2.872360E2
1.311504E1;1.515063E1;2.872469E2
1.313170E1;1.522373E1;2.870981E2
1.314837E1;1.518434E1;2.871032E2
1.316503E1;1.525702E1;2.870468E2
1.318170E1;1.534258E1;2.871579E2
1.319836E1;1.539462E1;2.871448E2
1.321503E1;1.527832E1;2.870864E2
1.323169E1;1.493404E1;2.870373E2
1.324836E1;1.500795E1;2.869034E2
1.326502E1;1.499340E1;2.869256E2
1.328168E1;1.449146E1;2.870362E2
1.329835E1;1.392062E1;2.868071E2
1.331501E1;1.380138E1;2.869790E2
1.333168E1;1.347304E1;2.869487E2
1.334834E1;1.273395E1;2.868841E2
1.336501E1;1.255924E1;2.870054E2
1.338167E1;1.174311E1;2.868879E2
1.339834E1;1.150634E1;2.869425E2
1.341500E1;1.082692E1;2.869380E2
1.343167E1;1.042765E1;2.870413E2
1.344833E1;9.602084E0;2.868726E2
1.346499E1;8.822283E0;2.868646E2
1.348166E1;8.299645E0;2.870557E2
1.349832E1;7.737573E0;2.869833E2
1.351499E1;7.066435E0;2.871419E2
1.353165E1;6.268881E0;2.871695E2
1.354832E1;5.446919E0;2.871302E2
1.356498E1;4.461682E0;2.870600E2
1.358165E1;3.773415E0;2.870370E2
1.359831E1;2.978616E0;2.869662E2
1.361498E1;2.590882E0;2.868320E2
1.363164E1;1.994351E0;2.868889E2
1.364831E1;1.359783E0;2.870279E2
1.366497E1;5.962460E-1;2.868821E2
1.368163E1;-1.324401E-1;2.869908E2
1.369830E1;-4.676632E-1;2.871036E2
1.371496E1;-1.465080E0;2.870474E2
1.373163E1;-1.935052E0;2.870626E2
1.374829E1;-2.462499E0;2.870750E2
1.376496E1;-3.415935E0;2.870833E2
1.378162E1;-4.153050E0;2.870756E2
1.379829E1;-4.335256E0;2.870059E2
1.381495E1;-4.973326E0;2.871144E2
1.383162E1;-5.413799E0;2.869810E2
1.384828E1;-6.176645E0;2.869535E2
1.386495E1;-6.432333E0;2.871461E2
1.388161E1;-6.938447E0;2.869436E2
1.389827E1;-7.376064E0;2.870488E2
1.391494E1;-7.830561E0;2.869162E2
1.393160E1;-8.055122E0;2.868272E2
1.394827E1;-8.375328E0;2.868123E2
1.396493E1;-8.665467E0;2.868422E2
1.398160E1;-8.678220E0;2.868621E2
1.399826E1;-8.414573E0;2.871571E2
1.401493E1;-8.847789E0;2.870228E2
1.403159E1;-8.875623E0;2.869824E2
1.404826E1;-9.054044E0;2.870452E2
1.406492E1;-9.106875E0;2.868692E2
1.408159E1;-9.110623E0;2.868439E2
1.409825E1;-9.070173E0;2.868832E2
1.411491E1;-8.816843E0;2.869151E2
1.413158E1;-8.898832E0;2.868941E2
1.414824E1;-8.801076E0;2.867069E2
1.416491E1;-8.913015E0;2.867693E2
1.418157E1;-8.569077E0;2.868426E2
1.419824E1;-8.446452E0;2.868952E2
1.421490E1;-8.109297E0;2.869433E2
1.423157E1;-7.689610E0;2.870242E2
1.424823E1;-7.201082E0;2.869984E2
1.426490E1;-6.887489E0;2.870342E2
1.428156E1;-6.720624E0;2.871688E2
1.429822E1;-6.308268E0;2.870480E2
1.431489E1;-5.779645E0;2.870425E2
1.433155E1;-5.735179E0;2.870644E2
1.434822E1;-5.224032E0;2.870511E2
1.436488E1;-5.253819E0;2.870253E2
1.438155E1;-4.167120E0;2.869748E2
1.439821E1;-3.832467E0;2.869216E2
1.441488E1;-3.473878E0;2.871921E2
1.443154E1;-3.158068E0;2.872512E2
1.444821E1;-2.652130E0;2.875611E2
1.446487E1;-2.491032E0;2.875961E2
1.448154E1;-1.999282E0;2.874913E2
1.449820E1;-1.461828E0;2.875853E2
1.451486E1;-1.011733E0;2.875415E2
1.453153E1;-5.631374E-1;2.876017E2
1.454819E1;-1.339843E-1;2.875253E2
1.456486E1;3.662361E-1;2.877139E2
1.458152E1;1.090186E0;2.873778E2
1.459819E1;1.702015E0;2.873615E2
1.461485E1;1.622194E0;2.874424E2
1.463152E1;1.933342E0;2.873550E2
1.464818E1;2.732735E0;2.873389E2
1.466485E1;3.038637E0;2.874713E2
1.468151E1;3.469745E0;2.875680E2
1.469818E1;3.856282E0;2.875390E2
1.471484E1;4.289592E0;2.876177E2
1.473150E1;4.620299E0;2.875831E2
1.474817E1;4.965994E0;2.875626E2
1.476483E1;5.057955E0;2.875326E2
1.478150E1;5.257604E0;2.875869E2
1.479816E1;5.388171E0;2.876531E2
1.481483E1;5.742228E0;2.876893E2
1.483149E1;5.682415E0;2.878024E2
1.484816E1;5.932675E0;2.877199E2
1.486482E1;6.239842E0;2.877066E2
1.488149E1;6.553082E0;2.877633E2
1.489815E1;6.512169E0;2.877342E2
1.491481E1;6.495167E0;2.877318E2
1.493148E1;6.745714E0;2.876661E2
1.494814E1;6.870301E0;2.877363E2
1.496481E1;6.895082E0;2.878210E2
1.498147E1;6.938602E0;2.877859E2
1.499814E1;7.470752E0;2.876723E2
1.501480E1;7.297438E0;2.877811E2
1.503147E1;7.175572E0;2.875624E2
1.504813E1;6.958813E0;2.875243E2
1.506480E1;6.993905E0;2.876652E2
1.508146E1;6.687433E0;2.877340E2
1.509813E1;6.412384E0;2.876689E2
1.511479E1;6.362351E0;2.875354E2
1.513145E1;6.270072E0;2.876602E2
1.514812E1;5.858509E0;2.875404E2
1.516478E1;5.804596E0;2.876072E2
1.518145E1;5.815112E0;2.875634E2
1.519811E1;5.710534E0;2.876747E2
1.521478E1;5.280910E0;2.875425E2
1.523144E1;5.200311E0;2.877533E2
1.524811E1;4.701101E0;2.876794E2
1.526477E1;4.315696E0;2.876620E2
1.528144E1;4.002268E0;2.875886E2
1.529810E1;3.841423E0;2.878235E2
1.531477E1;3.395692E0;2.876296E2
1.533143E1;3.001134E0;2.876671E2
1.534809E1;2.664223E0;2.875888E2
1.536476E1;2.570192E0;2.876270E2
1.538142E1;2.296292E0;2.877436E2
1.539809E1;2.015297E0;2.877009E2
1.541475E1;1.768591E0;2.876822E2
1.543142E1;1.603307E0;2.876554E2
1.544808E1;1.167237E0;2.878413E2
1.546475E1;8.020598E-1;2.877394E2
1.548141E1;5.659694E-1;2.878327E2
1.549808E1;-8.290849E-2;2.877988E2
1.551474E1;-3.291379E-1;2.878632E2
1.553141E1;-7.254760E-1;2.877755E2
1.554807E1;-1.072923E0;2.876244E2
1.556473E1;-1.188474E0;2.877608E2
1.558140E1;-1.661287E0;2.876852E2
1.559806E1;-1.919960E0;2.876762E2
1.561473E1;-2.162961E0;2.876194E2
1.563139E1;-2.129799E0;2.876603E2
1.564806E1;-2.272272E0;2.876426E2
1.566472E1;-2.344574E0;2.876875E2
1.568139E1;-2.521924E0;2.877744E2
1.569805E1;-2.866428E0;2.878293E2
1.571472E1;-2.683647E0;2.879905E2
1.573138E1;-3.192735E0;2.877862E2
1.574804E1;-3.172240E0;2.878333E2
1.576471E1;-3.666226E0;2.878698E2
1.578137E1;-3.682049E0;2.877272E2
1.579804E1;-3.704933E0;2.877052E2
1.581470E1;-3.746735E0;2.877137E2
1.583137E1;-3.992560E0;2.877004E2
1.584803E1;-3.829573E0;2.876666E2
1.586470E1;-3.647577E0;2.876670E2
1.588136E1;-3.829445E0;2.877626E2
1.589803E1;-3.616175E0;2.878319E2
1.591469E1;-3.562024E0;2.878931E2
1.593136E1;-3.632575E0;2.878579E2
1.594802E1;-3.459513E0;2.880032E2
1.596468E1;-3.509928E0;2.879111E2
1.598135E1;-3.551103E0;2.879038E2
1.599801E1;-3.406650E0;2.878415E2
1.601468E1;-3.421730E0;2.877065E2
1.603134E1;-3.544379E0;2.878084E2
1.604801E1;-3.549681E0;2.877579E2
1.606467E1;-3.366205E0;2.875497E2
1.608134E1;-2.940564E0;2.876592E2
1.609800E1;-2.862443E0;2.875474E2
1.611467E1;-2.609812E0;2.877604E2
1.613133E1;-2.731389E0;2.877235E2
1.614800E1;-2.229484E0;2.877042E2
1.616466E1;-1.788832E0;2.878568E2
1.618132E1;-1.856310E0;2.878900E2
1.619799E1;-1.620365E0;2.879301E2
1.621465E1;-1.709558E0;2.880068E2
1.623132E1;-1.544236E0;2.878003E2
1.624798E1;-1.206282E0;2.878684E2
1.626465E1;-8.898797E-1;2.878263E2
1.628131E1;-6.328953E-1;2.878301E2
1.629798E1;-5.185827E-1;2.878764E2
1.631464E1;-6.827948E-1;2.875799E2
1.633131E1;-3.590013E-1;2.877877E2
1.634797E1;-2.245007E-2;2.877423E2
1.636463E1;3.130985E-1;2.877677E2
1.638130E1;3.804848E-1;2.876110E2
1.639796E1;4.796333E-1;2.878443E2
1.641463E1;7.540803E-1;2.879777E2
1.643129E1;6.748270E-1;2.879672E2
1.644796E1;7.540177E-1;2.880556E2
1.646462E1;7.246602E-1;2.877362E2
1.648129E1;9.493555E-1;2.877655E2
1.649795E1;1.050807E0;2.878591E2
1.651462E1;1.211450E0;2.879002E2
1.653128E1;1.293174E0;2.877716E2
1.654795E1;1.465141E0;2.876600E2
1.656461E1;1.572347E0;2.877304E2
1.658127E1;1.785276E0;2.878102E2
1.659794E1;1.863154E0;2.877251E2
1.661460E1;1.976905E0;2.877620E2
1.663127E1;1.990493E0;2.877761E2
1.664793E1;2.069782E0;2.877306E2
1.666460E1;2.297123E0;2.878444E2
1.668126E1;2.297142E0;2.877898E2
1.669793E1;2.344003E0;2.879755E2
1.671459E1;2.451203E0;2.879143E2
1.673126E1;2.400548E0;2.878867E2
1.674792E1;2.368920E0;2.878710E2
1.676459E1;2.357194E0;2.878906E2
1.678125E1;2.465807E0;2.878286E2
1.679791E1;2.437916E0;2.877863E2
1.681458E1;2.362594E0;2.877516E2
1.683124E1;2.371442E0;2.877329E2
1.684791E1;2.304434E0;2.876826E2
1.686457E1;2.458460E0;2.877572E2
1.688124E1;2.330887E0;2.877705E2
1.689790E1;2.232454E0;2.877878E2
1.691457E1;2.286105E0;2.878267E2
1.693123E1;2.067440E0;2.879458E2
1.694790E1;2.047941E0;2.878511E2
1.696456E1;1.898643E0;2.876383E2
1.698123E1;1.861540E0;2.876848E2
1.699789E1;1.797055E0;2.878193E2
1.701455E1;1.646252E0;2.879578E2
1.703122E1;1.620789E0;2.878174E2
1.704788E1;1.426623E0;2.877817E2
1.706455E1;1.258878E0;2.876717E2
1.708121E1;1.308050E0;2.877463E2
1.709788E1;1.429191E0;2.877201E2
1.711454E1;1.168900E0;2.877980E2
1.713121E1;1.130592E0;2.878608E2
1.714787E1;1.068255E0;2.877548E2
1.716454E1;6.208075E-1;2.879551E2
1.718120E1;4.600526E-1;2.879980E2
1.719786E1;4.965327E-1;2.878311E2
1.721453E1;4.308502E-1;2.878386E2
1.723119E1;1.733567E-1;2.879005E2
1.724786E1;3.220816E-1;2.877643E2
1.726452E1;1.914696E-1;2.877308E2
1.728119E1;2.210312E-1;2.876829E2
1.729785E1;-5.979087E-2;2.876173E2
1.731452E1;2.296424E-1;2.876177E2
1.733118E1;-4.135259E-2;2.877658E2
1.734785E1;-6.245876E-2;2.878571E2
1.736451E1;-1.021424E-1;2.878003E2
1.738118E1;-1.120249E-1;2.877731E2
1.739784E1;-1.204559E-1;2.877759E2
1.741450E1;-1.625740E-1;2.879197E2
1.743117E1;-5.766388E-1;2.878425E2
1.744783E1;-7.185006E-1;2.879173E2
1.746450E1;-5.991758E-1;2.880428E2
1.748116E1;-6.291082E-1;2.878379E2
1.749783E1;-5.515531E-1;2.880163E2
1.751449E1;-6.977533E-1;2.879100E2
1.753116E1;-8.772584E-1;2.876219E2
1.754782E1;-1.000986E0;2.874737E2
1.756449E1;-8.775219E-1;2.876600E2
1.758115E1;-8.814924E-1;2.876025E2
1.759782E1;-9.489015E-1;2.877371E2
1.761448E1;-9.004957E-1;2.878421E2
1.763114E1;-1.051748E0;2.877480E2
1.764781E1;-9.129645E-1;2.878715E2
1.766447E1;-1.033503E0;2.878162E2
1.768114E1;-1.011120E0;2.878905E2
1.769780E1;-8.589018E-1;2.877883E2
1.771447E1;-7.367027E-1;2.878679E2
1.773113E1;-8.742376E-1;2.877099E2
1.774780E1;-8.295375E-1;2.877406E2
1.776446E1;-8.509140E-1;2.877222E2
1.778113E1;-8.303000E-1;2.877271E2
1.779779E1;-7.649300E-1;2.877634E2
1.781445E1;-7.343571E-1;2.878051E2
1.783112E1;-7.269211E-1;2.878167E2
1.784778E1;-9.990569E-1;2.877725E2
1.786445E1;-7.555437E-1;2.879484E2
1.788111E1;-8.450750E-1;2.878499E2
1.789778E1;-6.673473E-1;2.878124E2
1.791444E1;-7.231428E-1;2.879930E2
1.793111E1;-5.780055E-1;2.879512E2
1.794777E1;-6.019633E-1;2.880863E2
1.796444E1;-3.654839E-1;2.878750E2
1.798110E1;-3.607782E-1;2.877560E2
1.799777E1;-4.565514E-1;2.877439E2
1.801443E1;-3.942668E-1;2.877348E2
1.803109E1;-3.634510E-1;2.877917E2
1.804776E1;-3.253720E-1;2.877849E2
1.806442E1;-2.737504E-1;2.878399E2
1.808109E1;-9.747835E-2;2.878192E2
1.809775E1;-7.515594E-2;2.878561E2
1.811442E1;2.715857E-2;2.878095E2
1.813108E1;1.152465E-1;2.877911E2
1.814775E1;9.104358E-2;2.877364E2
1.816441E1;1.709769E-1;2.877627E2
1.818108E1;4.269322E-2;2.877429E2
1.819774E1;2.677933E-1;2.876665E2
1.821441E1;3.302080E-1;2.877619E2
1.823107E1;3.302729E-1;2.876903E2
1.824773E1;2.253075E-1;2.875888E2
1.826440E1;1.416701E-1;2.876251E2
1.828106E1;1.472081E-1;2.876107E2
1.829773E1;2.201322E-1;2.878010E2
1.831439E1;3.913936E-1;2.878004E2
1.833106E1;3.095018E-1;2.878909E2
1.834772E1;3.463246E-1;2.878853E2
1.836439E1;2.245190E-1;2.877157E2
1.838105E1;2.981685E-1;2.877342E2
1.839772E1;2.862446E-1;2.878002E2
1.841438E1;6.219418E-1;2.879586E2
1.843105E1;4.974623E-1;2.878334E2
1.844771E1;5.128475E-1;2.878360E2
1.846437E1;4.856861E-1;2.877930E2
1.848104E1;4.573830E-1;2.876918E2
1.849770E1;4.756763E-1;2.877090E2
1.851437E1;2.282630E-1;2.876067E2
1.853103E1;2.616574E-1;2.877403E2
1.854770E1;2.371018E-1;2.876740E2
1.856436E1;2.802492E-1;2.877762E2
1.858103E1;2.743786E-1;2.878432E2
1.859769E1;4.195960E-1;2.878738E2
1.861436E1;3.266741E-1;2.878587E2
1.863102E1;3.337972E-1;2.878691E2
1.864768E1;4.913996E-1;2.879100E2
1.866435E1;3.577038E-1;2.878688E2
1.868101E1;3.197838E-1;2.878245E2
1.869768E1;3.447468E-1;2.877901E2
1.871434E1;3.009427E-1;2.877554E2
1.873101E1;3.090583E-1;2.876539E2
1.874767E1;2.050789E-1;2.876746E2
1.876434E1;2.633165E-1;2.877155E2
1.878100E1;1.504337E-1;2.877393E2
1.879767E1;1.284486E-1;2.877571E2
1.881433E1;1.031298E-1;2.878681E2
1.883100E1;8.752909E-2;2.879117E2
1.884766E1;5.762238E-2;2.878600E2
1.886432E1;2.641402E-1;2.878682E2
1.888099E1;5.287634E-1;2.880345E2
1.889765E1;5.548890E-1;2.875974E2
1.891432E1;5.257334E-1;2.878428E2
1.893098E1;6.231621E-1;2.876941E2
1.894765E1;6.874887E-1;2.877707E2
1.896431E1;8.367096E-1;2.875671E2
1.898098E1;7.142425E-1;2.875655E2
1.899764E1;3.651453E-1;2.877829E2
1.901431E1;9.574662E-2;2.877034E2
1.903097E1;5.979641E-3;2.877786E2
1.904764E1;3.682487E-3;2.879148E2
1.906430E1;-1.341640E-1;2.877421E2
1.908096E1;4.937806E-3;2.876289E2
1.909763E1;1.763220E-1;2.878403E2
1.911429E1;1.266049E-1;2.878777E2
1.913096E1;1.770057E-1;2.879151E2
1.914762E1;3.860982E-1;2.879346E2
1.916429E1;5.401230E-1;2.881442E2
1.918095E1;5.504427E-1;2.879212E2
1.919762E1;4.311626E-1;2.879142E2
1.921428E1;3.529942E-1;2.879997E2
1.923095E1;2.857976E-1;2.877369E2
1.924761E1;3.101432E-1;2.877171E2
1.926427E1;-1.292579E-1;2.878262E2
1.928094E1;-2.484781E-1;2.876395E2
1.929760E1;-4.332374E-1;2.876897E2
1.931427E1;-2.335842E-1;2.876622E2
1.933093E1;-2.279404E-2;2.876107E2
