;massa B;;
t;x;y;
0.000000E0;3.960396E-1;2.936584E2
1.666436E-2;4.097031E-1;2.936373E2
3.332872E-2;5.344675E-1;2.935197E2
4.999307E-2;5.018328E-1;2.932035E2
6.665743E-2;6.220664E-1;2.927470E2
8.332179E-2;4.929865E-1;2.926501E2
9.998615E-2;5.452915E-1;2.925859E2
1.166505E-1;4.568523E-1;2.924251E2
1.333149E-1;5.441914E-1;2.923148E2
1.499792E-1;5.612658E-1;2.921095E2
1.666436E-1;4.077520E-1;2.919879E2
1.833079E-1;5.604110E-2;2.919918E2
1.999723E-1;-6.503253E-2;2.921137E2
2.166367E-1;-3.294176E-1;2.923912E2
2.333010E-1;-4.559996E-1;2.923339E2
2.499654E-1;-6.271593E-1;2.924214E2
2.666297E-1;-9.211606E-1;2.925267E2
2.832941E-1;-1.279285E0;2.925646E2
2.999584E-1;-1.414096E0;2.925861E2
3.166228E-1;-1.348530E0;2.926062E2
3.332872E-1;-1.540195E0;2.922990E2
3.499515E-1;-1.551887E0;2.923614E2
3.666159E-1;-1.673503E0;2.924806E2
3.832802E-1;-1.771260E0;2.923013E2
3.999446E-1;-2.033610E0;2.924136E2
4.166090E-1;-2.196047E0;2.922646E2
4.332733E-1;-2.271216E0;2.922472E2
4.499377E-1;-2.480535E0;2.923436E2
4.666020E-1;-2.589690E0;2.920904E2
4.832664E-1;-2.871407E0;2.924807E2
4.999307E-1;-2.952717E0;2.926602E2
5.165951E-1;-3.321684E0;2.927249E2
5.332595E-1;-3.506291E0;2.927136E2
5.499238E-1;-3.525078E0;2.926692E2
5.665882E-1;-3.473380E0;2.927071E2
5.832525E-1;-3.202799E0;2.925963E2
5.999169E-1;-3.245133E0;2.925310E2
6.165812E-1;-3.172330E0;2.925185E2
6.332456E-1;-3.514103E0;2.924667E2
6.499100E-1;-3.600199E0;2.923414E2
6.665743E-1;-3.519044E0;2.923361E2
6.832387E-1;-3.884224E0;2.924806E2
6.999030E-1;-3.696516E0;2.924111E2
7.165674E-1;-3.708393E0;2.924717E2
7.332318E-1;-3.892134E0;2.925532E2
7.498961E-1;-4.203866E0;2.928509E2
7.665605E-1;-4.173739E0;2.926791E2
7.832248E-1;-3.621859E0;2.927174E2
7.998892E-1;-3.746319E0;2.926003E2
8.165535E-1;-3.401245E0;2.924567E2
8.332179E-1;-3.507330E0;2.923762E2
8.498823E-1;-3.691743E0;2.923424E2
8.665466E-1;-3.137181E0;2.923901E2
8.832110E-1;-3.100182E0;2.920752E2
8.998753E-1;-3.406342E0;2.919014E2
9.165397E-1;-3.162842E0;2.921157E2
9.332041E-1;-3.148890E0;2.921260E2
9.498684E-1;-3.384675E0;2.925060E2
9.665328E-1;-3.657908E0;2.926672E2
9.831971E-1;-3.477868E0;2.927649E2
9.998615E-1;-3.158903E0;2.926769E2
1.016526E0;-3.195641E0;2.928044E2
1.033190E0;-3.154798E0;2.929086E2
1.049855E0;-3.070672E0;2.926410E2
1.066519E0;-2.796325E0;2.926011E2
1.083183E0;-2.838240E0;2.923696E2
1.099848E0;-2.417141E0;2.923692E2
1.116512E0;-2.455136E0;2.922724E2
1.133176E0;-2.452821E0;2.920211E2
1.149841E0;-2.569267E0;2.919840E2
1.166505E0;-2.416667E0;2.920800E2
1.183169E0;-2.644781E0;2.920825E2
1.199834E0;-2.680800E0;2.925241E2
1.216498E0;-2.853745E0;2.924013E2
1.233162E0;-2.640034E0;2.922986E2
1.249827E0;-2.280941E0;2.924332E2
1.266491E0;-2.465868E0;2.924224E2
1.283156E0;-2.291251E0;2.923674E2
1.299820E0;-1.836588E0;2.923215E2
1.316484E0;-1.993289E0;2.923280E2
1.333149E0;-2.067837E0;2.922157E2
1.349813E0;-1.552074E0;2.923909E2
1.366477E0;-1.744051E0;2.920762E2
1.383142E0;-2.058638E0;2.918534E2
1.399806E0;-1.707542E0;2.921146E2
1.416470E0;-1.872971E0;2.921982E2
1.433135E0;-1.971546E0;2.923206E2
1.449799E0;-2.003879E0;2.927530E2
1.466464E0;-2.259392E0;2.928155E2
1.483128E0;-2.278831E0;2.927800E2
1.499792E0;-2.241446E0;2.929988E2
1.516457E0;-2.164506E0;2.927835E2
1.533121E0;-1.987514E0;2.927181E2
1.549785E0;-1.909643E0;2.930886E2
1.566450E0;-2.218661E0;2.928125E2
1.583114E0;-1.607750E0;2.927070E2
1.599778E0;6.809547E-1;2.926664E2
1.616443E0;6.104159E0;2.925669E2
1.633107E0;1.360462E1;2.920874E2
1.649771E0;2.384795E1;2.917805E2
1.666436E0;3.592575E1;2.905157E2
1.683100E0;5.016748E1;2.892415E2
1.699765E0;6.613945E1;2.867599E2
1.716429E0;8.404918E1;2.823724E2
1.733093E0;1.022602E2;2.760133E2
1.749758E0;1.206998E2;2.681700E2
1.766422E0;1.401083E2;2.578801E2
1.783086E0;1.595048E2;2.465180E2
1.799751E0;1.789347E2;2.302036E2
1.816415E0;1.966435E2;2.146874E2
1.833079E0;2.136711E2;1.961056E2
1.849744E0;2.300332E2;1.764805E2
1.866408E0;2.445147E2;1.549668E2
1.883072E0;2.567645E2;1.327821E2
1.899737E0;2.675209E2;1.091812E2
1.916401E0;2.760814E2;8.665368E1
1.933066E0;2.824391E2;6.719138E1
1.949730E0;2.867105E2;4.774659E1
1.966394E0;2.889954E2;3.087998E1
1.983059E0;2.899974E2;1.629567E1
1.999723E0;2.898205E2;3.488591E0
2.016387E0;2.892772E2;-6.671824E0
2.033052E0;2.885259E2;-1.427076E1
2.049716E0;2.877193E2;-1.931833E1
2.066380E0;2.845434E2;-1.920354E1
2.083045E0;2.843302E2;-2.077802E1
2.099709E0;2.841518E2;-2.073561E1
2.116373E0;2.840806E2;-2.006373E1
2.133038E0;2.838903E2;-1.946579E1
2.149702E0;2.842925E2;-1.991793E1
2.166367E0;2.844122E2;-1.949482E1
2.183031E0;2.845715E2;-1.919445E1
2.199695E0;2.847269E2;-1.884647E1
2.216360E0;2.849875E2;-1.803354E1
2.233024E0;2.851741E2;-1.771092E1
2.249688E0;2.848360E2;-1.678160E1
2.266353E0;2.849668E2;-1.631553E1
2.283017E0;2.846208E2;-1.471614E1
2.299681E0;2.845736E2;-1.421314E1
2.316346E0;2.843879E2;-1.317290E1
2.333010E0;2.849797E2;-1.264605E1
2.349674E0;2.846101E2;-1.041344E1
2.366339E0;2.846726E2;-5.799195E0
2.383003E0;2.854238E2;-8.002982E-1
2.399668E0;2.855984E2;5.971849E0
2.416332E0;2.855547E2;1.444094E1
2.432996E0;2.847764E2;2.520002E1
2.449661E0;2.839478E2;3.624976E1
2.466325E0;2.827219E2;4.797995E1
2.482989E0;2.800027E2;6.206773E1
2.499654E0;2.770816E2;7.587608E1
2.516318E0;2.721050E2;9.192709E1
2.532982E0;2.669851E2;1.071152E2
2.549647E0;2.599556E2;1.235526E2
2.566311E0;2.523944E2;1.396470E2
2.582975E0;2.429154E2;1.561795E2
2.599640E0;2.337701E2;1.734075E2
2.616304E0;2.218112E2;1.891997E2
2.632969E0;2.086288E2;2.048042E2
2.649633E0;1.936867E2;2.198631E2
2.666297E0;1.776986E2;2.335590E2
2.682962E0;1.600728E2;2.467405E2
2.699626E0;1.413530E2;2.580836E2
2.716290E0;1.217704E2;2.679919E2
2.732955E0;1.011046E2;2.765463E2
2.749619E0;8.003450E1;2.831487E2
2.766283E0;5.876437E1;2.880141E2
2.782948E0;3.689251E1;2.914289E2
2.799612E0;1.676951E1;2.926489E2
2.816277E0;-4.331740E0;2.928904E2
2.832941E0;-2.552688E1;2.913624E2
2.849605E0;-4.578877E1;2.889154E2
2.866270E0;-6.603387E1;2.846966E2
2.882934E0;-8.461918E1;2.799872E2
2.899598E0;-1.031562E2;2.741251E2
2.916263E0;-1.197128E2;2.668175E2
2.932927E0;-1.362872E2;2.587621E2
2.949591E0;-1.507877E2;2.502321E2
2.966256E0;-1.644711E2;2.405691E2
2.982920E0;-1.769909E2;2.313604E2
2.999584E0;-1.870349E2;2.219515E2
3.016249E0;-1.968930E2;2.129250E2
3.032913E0;-2.050544E2;2.040170E2
3.049578E0;-2.124732E2;1.955866E2
3.066242E0;-2.187172E2;1.875537E2
3.082906E0;-2.244994E2;1.802355E2
3.099571E0;-2.287818E2;1.736385E2
3.116235E0;-2.331157E2;1.677505E2
3.132899E0;-2.365486E2;1.625407E2
3.149564E0;-2.395207E2;1.577667E2
3.166228E0;-2.418499E2;1.544660E2
3.182892E0;-2.437407E2;1.514866E2
3.199557E0;-2.449868E2;1.491727E2
3.216221E0;-2.458930E2;1.478299E2
3.232885E0;-2.459978E2;1.474287E2
3.249550E0;-2.456367E2;1.476020E2
3.266214E0;-2.449785E2;1.487408E2
3.282879E0;-2.437782E2;1.510379E2
3.299543E0;-2.418964E2;1.536489E2
3.316207E0;-2.399060E2;1.570732E2
3.332872E0;-2.373279E2;1.614536E2
3.349536E0;-2.344052E2;1.659905E2
3.366200E0;-2.311645E2;1.713482E2
3.382865E0;-2.271842E2;1.775007E2
3.399529E0;-2.228691E2;1.833514E2
3.416193E0;-2.176172E2;1.903550E2
3.432858E0;-2.113936E2;1.974794E2
3.449522E0;-2.044861E2;2.048101E2
3.466186E0;-1.968869E2;2.124149E2
3.482851E0;-1.886173E2;2.200465E2
3.499515E0;-1.800665E2;2.273475E2
3.516180E0;-1.710689E2;2.346489E2
3.532844E0;-1.608423E2;2.418816E2
3.549508E0;-1.503765E2;2.487858E2
3.566173E0;-1.403710E2;2.548367E2
3.582837E0;-1.289829E2;2.615704E2
3.599501E0;-1.182020E2;2.671105E2
3.616166E0;-1.058450E2;2.728961E2
3.632830E0;-9.435540E1;2.763601E2
3.649494E0;-8.124724E1;2.808348E2
3.666159E0;-6.783615E1;2.845636E2
3.682823E0;-5.405761E1;2.877536E2
3.699487E0;-4.071404E1;2.904297E2
3.716152E0;-2.686522E1;2.916908E2
3.732816E0;-1.353019E1;2.926700E2
3.749481E0;-1.716113E-1;2.931442E2
3.766145E0;1.281815E1;2.928082E2
3.782809E0;2.550647E1;2.916053E2
3.799474E0;3.859122E1;2.899743E2
3.816138E0;5.092859E1;2.882175E2
3.832802E0;6.287785E1;2.854891E2
3.849467E0;7.407454E1;2.829078E2
3.866131E0;8.596953E1;2.790638E2
3.882795E0;9.595137E1;2.756024E2
3.899460E0;1.058669E2;2.715874E2
3.916124E0;1.149466E2;2.684171E2
3.932788E0;1.244664E2;2.640226E2
3.949453E0;1.318011E2;2.606190E2
3.966117E0;1.387843E2;2.567247E2
3.982782E0;1.453018E2;2.537566E2
3.999446E0;1.506344E2;2.503987E2
4.016110E0;1.555776E2;2.475861E2
4.032775E0;1.599130E2;2.447599E2
4.049439E0;1.639370E2;2.424583E2
4.066103E0;1.669130E2;2.403433E2
4.082768E0;1.693883E2;2.386753E2
4.099432E0;1.716477E2;2.373411E2
4.116096E0;1.731087E2;2.363877E2
4.132761E0;1.739331E2;2.360886E2
4.149425E0;1.739975E2;2.357225E2
4.166090E0;1.738679E2;2.357891E2
4.182754E0;1.728922E2;2.360817E2
4.199418E0;1.722643E2;2.369376E2
4.216083E0;1.705554E2;2.381194E2
4.232747E0;1.683957E2;2.397636E2
4.249411E0;1.657642E2;2.414631E2
4.266076E0;1.619902E2;2.432215E2
4.282740E0;1.589619E2;2.456382E2
4.299404E0;1.540674E2;2.478280E2
4.316069E0;1.494685E2;2.503335E2
4.332733E0;1.442738E2;2.529933E2
4.349397E0;1.396631E2;2.563326E2
4.366062E0;1.333068E2;2.593832E2
4.382726E0;1.271594E2;2.624642E2
4.399391E0;1.206332E2;2.652336E2
4.416055E0;1.140964E2;2.683117E2
4.432719E0;1.069903E2;2.707605E2
4.449384E0;9.953440E1;2.737539E2
4.466048E0;9.183045E1;2.763755E2
4.482712E0;8.380182E1;2.784607E2
4.499377E0;7.598528E1;2.806159E2
4.516041E0;6.769513E1;2.828177E2
4.532705E0;5.916076E1;2.846340E2
4.549370E0;5.087981E1;2.863458E2
4.566034E0;4.262193E1;2.878730E2
4.582698E0;3.347024E1;2.887466E2
4.599363E0;2.533923E1;2.896631E2
4.616027E0;1.637526E1;2.902215E2
4.632692E0;8.241595E0;2.905130E2
4.649356E0;-1.944912E-1;2.909833E2
4.666020E0;-8.850956E0;2.905425E2
4.682685E0;-1.725860E1;2.900502E2
4.699349E0;-2.448808E1;2.894147E2
4.716013E0;-3.261861E1;2.886527E2
4.732678E0;-4.019651E1;2.877888E2
4.749342E0;-4.709455E1;2.869120E2
4.766006E0;-5.379961E1;2.858368E2
4.782671E0;-6.017891E1;2.844776E2
4.799335E0;-6.890910E1;2.839196E2
4.815999E0;-7.511647E1;2.826487E2
4.832664E0;-8.048866E1;2.810583E2
4.849328E0;-8.572745E1;2.799443E2
4.865993E0;-9.026475E1;2.785484E2
4.882657E0;-9.404071E1;2.771393E2
4.899321E0;-9.795134E1;2.757363E2
4.915986E0;-1.019065E2;2.742549E2
4.932650E0;-1.049166E2;2.729715E2
4.949314E0;-1.067967E2;2.716652E2
4.965979E0;-1.090882E2;2.706636E2
4.982643E0;-1.109942E2;2.699568E2
4.999307E0;-1.119698E2;2.694422E2
5.015972E0;-1.132700E2;2.688270E2
5.032636E0;-1.140234E2;2.686515E2
5.049300E0;-1.145916E2;2.684526E2
5.065965E0;-1.146969E2;2.681660E2
5.082629E0;-1.142727E2;2.683112E2
5.099294E0;-1.135762E2;2.687234E2
5.115958E0;-1.127417E2;2.691345E2
5.132622E0;-1.112060E2;2.696813E2
5.149287E0;-1.096394E2;2.704070E2
5.165951E0;-1.079288E2;2.709549E2
5.182615E0;-1.058412E2;2.719170E2
5.199280E0;-1.031578E2;2.728796E2
5.215944E0;-1.006812E2;2.739002E2
5.232608E0;-9.741678E1;2.749679E2
5.249273E0;-9.424667E1;2.760921E2
5.265937E0;-9.110937E1;2.771974E2
5.282601E0;-8.708653E1;2.784051E2
5.299266E0;-8.328317E1;2.798287E2
5.315930E0;-7.905905E1;2.810345E2
5.332595E0;-7.473618E1;2.822237E2
5.349259E0;-7.022081E1;2.836330E2
5.365923E0;-6.532074E1;2.847687E2
5.382588E0;-6.042123E1;2.859389E2
5.399252E0;-5.532325E1;2.866763E2
5.415916E0;-5.024678E1;2.875896E2
5.432581E0;-4.504235E1;2.884381E2
5.449245E0;-3.946965E1;2.892263E2
5.465909E0;-3.462363E1;2.898258E2
5.482574E0;-2.916522E1;2.902019E2
5.499238E0;-2.402059E1;2.905375E2
5.515903E0;-1.834043E1;2.909472E2
5.532567E0;-1.308684E1;2.912621E2
5.549231E0;-7.690251E0;2.913905E2
5.565896E0;-2.542201E0;2.914915E2
5.582560E0;2.499093E0;2.918169E2
5.599224E0;7.774440E0;2.917229E2
5.615889E0;1.243409E1;2.916770E2
5.632553E0;1.742072E1;2.912417E2
5.649217E0;2.212844E1;2.906623E2
5.665882E0;2.637073E1;2.904117E2
5.682546E0;3.054768E1;2.899190E2
5.699210E0;3.503272E1;2.893286E2
5.715875E0;3.883220E1;2.887861E2
5.732539E0;4.249436E1;2.882171E2
5.749204E0;4.603553E1;2.878379E2
5.765868E0;4.882749E1;2.868032E2
5.782532E0;5.190165E1;2.865713E2
5.799197E0;5.498614E1;2.862565E2
5.815861E0;5.747315E1;2.856757E2
5.832525E0;6.004490E1;2.859092E2
5.849190E0;6.124798E1;2.850438E2
5.865854E0;6.342374E1;2.848919E2
5.882518E0;6.451581E1;2.843790E2
5.899183E0;6.633911E1;2.844390E2
5.915847E0;6.683863E1;2.837956E2
5.932511E0;6.799273E1;2.841062E2
5.949176E0;6.788919E1;2.835073E2
5.965840E0;6.812842E1;2.832939E2
5.982505E0;6.801708E1;2.831140E2
5.999169E0;6.767578E1;2.830161E2
6.015833E0;6.790719E1;2.835230E2
6.032498E0;6.691045E1;2.835384E2
6.049162E0;6.665606E1;2.837890E2
6.065826E0;6.475952E1;2.837343E2
6.082491E0;6.423188E1;2.847760E2
6.099155E0;6.231147E1;2.848861E2
6.115819E0;6.034267E1;2.851751E2
6.132484E0;5.848233E1;2.853560E2
6.149148E0;5.628592E1;2.856253E2
6.165812E0;5.416546E1;2.859781E2
6.182477E0;5.192305E1;2.862522E2
6.199141E0;4.910962E1;2.864126E2
6.215806E0;4.723981E1;2.869847E2
6.232470E0;4.402996E1;2.871060E2
6.249134E0;4.194548E1;2.877860E2
6.265799E0;3.911143E1;2.882945E2
6.282463E0;3.660252E1;2.885558E2
6.299127E0;3.314012E1;2.890539E2
6.315792E0;3.024163E1;2.896835E2
6.332456E0;2.666915E1;2.898448E2
6.349120E0;2.330110E1;2.900878E2
6.365785E0;2.004339E1;2.902824E2
6.382449E0;1.703411E1;2.905683E2
6.399113E0;1.386561E1;2.909054E2
6.415778E0;1.083000E1;2.911068E2
6.432442E0;7.866863E0;2.910181E2
6.449107E0;4.892712E0;2.912159E2
6.465771E0;1.617628E0;2.906541E2
6.482435E0;-1.808888E0;2.907924E2
6.499100E0;-4.495126E0;2.909049E2
6.515764E0;-7.782071E0;2.911543E2
6.532428E0;-1.072894E1;2.910964E2
6.549093E0;-1.375359E1;2.910600E2
6.565757E0;-1.621140E1;2.908336E2
6.582421E0;-1.894630E1;2.908154E2
6.599086E0;-2.196646E1;2.908005E2
6.615750E0;-2.479367E1;2.907906E2
6.632414E0;-2.711197E1;2.907207E2
6.649079E0;-2.935229E1;2.902602E2
6.665743E0;-3.131145E1;2.902991E2
6.682408E0;-3.257493E1;2.901070E2
6.699072E0;-3.439048E1;2.898556E2
6.715736E0;-3.627525E1;2.896171E2
6.732401E0;-3.793556E1;2.894853E2
6.749065E0;-3.902836E1;2.894489E2
6.765729E0;-4.050231E1;2.892221E2
6.782394E0;-4.173622E1;2.889835E2
6.799058E0;-4.217359E1;2.890623E2
6.815722E0;-4.294724E1;2.889103E2
6.832387E0;-4.335407E1;2.889586E2
6.849051E0;-4.400354E1;2.888619E2
6.865716E0;-4.418310E1;2.887532E2
6.882380E0;-4.387980E1;2.889646E2
6.899044E0;-4.390225E1;2.888270E2
6.915709E0;-4.378235E1;2.888359E2
6.932373E0;-4.343836E1;2.886934E2
6.949037E0;-4.292654E1;2.887198E2
6.965702E0;-4.253762E1;2.888086E2
6.982366E0;-4.220445E1;2.887999E2
6.999030E0;-4.098303E1;2.892205E2
7.015695E0;-4.032119E1;2.891649E2
7.032359E0;-3.953042E1;2.894618E2
7.049023E0;-3.853124E1;2.898353E2
7.065688E0;-3.733711E1;2.898119E2
7.082352E0;-3.552068E1;2.900103E2
7.099017E0;-3.468463E1;2.901479E2
7.115681E0;-3.287663E1;2.902926E2
7.132345E0;-3.092381E1;2.905594E2
7.149010E0;-2.913283E1;2.906627E2
7.165674E0;-2.753428E1;2.906882E2
7.182338E0;-2.581313E1;2.907681E2
7.199003E0;-2.401921E1;2.908563E2
7.215667E0;-2.175157E1;2.909700E2
7.232331E0;-2.008553E1;2.910175E2
7.248996E0;-1.793682E1;2.912003E2
7.265660E0;-1.594743E1;2.914321E2
7.282324E0;-1.405516E1;2.916438E2
7.298989E0;-1.212335E1;2.918199E2
7.315653E0;-1.029796E1;2.919066E2
7.332318E0;-8.465265E0;2.919361E2
7.348982E0;-6.437474E0;2.919498E2
7.365646E0;-4.756376E0;2.918018E2
7.382311E0;-2.264527E0;2.920737E2
7.398975E0;-4.052252E-1;2.919295E2
7.415639E0;1.240877E0;2.916479E2
7.432304E0;2.981638E0;2.916688E2
7.448968E0;4.749821E0;2.915515E2
7.465632E0;7.311733E0;2.911969E2
7.482297E0;8.764367E0;2.913782E2
7.498961E0;1.023189E1;2.911083E2
7.515625E0;1.176467E1;2.912001E2
7.532290E0;1.295470E1;2.913656E2
7.548954E0;1.436569E1;2.915632E2
7.565619E0;1.548640E1;2.912112E2
7.582283E0;1.679883E1;2.912967E2
7.598947E0;1.817442E1;2.912846E2
7.615612E0;1.898959E1;2.911204E2
7.632276E0;1.977319E1;2.911461E2
7.648940E0;2.063106E1;2.907701E2
7.665605E0;2.178342E1;2.904698E2
7.682269E0;2.229776E1;2.904752E2
7.698933E0;2.288373E1;2.906985E2
7.715598E0;2.319717E1;2.905779E2
7.732262E0;2.351346E1;2.905207E2
7.748926E0;2.363842E1;2.906225E2
7.765591E0;2.370477E1;2.905893E2
7.782255E0;2.366401E1;2.907164E2
7.798920E0;2.385018E1;2.907494E2
7.815584E0;2.388993E1;2.909406E2
7.832248E0;2.394960E1;2.910604E2
7.848913E0;2.345605E1;2.907910E2
7.865577E0;2.342240E1;2.908033E2
7.882241E0;2.269485E1;2.902745E2
7.898906E0;2.229082E1;2.902404E2
7.915570E0;2.188309E1;2.902114E2
7.932234E0;2.091381E1;2.901394E2
7.948899E0;2.072214E1;2.905029E2
7.965563E0;1.974589E1;2.905197E2
7.982228E0;1.931854E1;2.904057E2
7.998892E0;1.804945E1;2.907431E2
8.015556E0;1.706636E1;2.907512E2
8.032221E0;1.592405E1;2.908584E2
8.048885E0;1.504814E1;2.909654E2
8.065549E0;1.434432E1;2.910439E2
8.082214E0;1.343645E1;2.912272E2
8.098878E0;1.239946E1;2.913960E2
8.115542E0;1.084458E1;2.910209E2
8.132207E0;1.002137E1;2.910596E2
8.148871E0;8.944830E0;2.910200E2
8.165535E0;7.911399E0;2.911298E2
8.182200E0;6.809984E0;2.910695E2
8.198864E0;5.472731E0;2.911199E2
8.215529E0;4.344626E0;2.914450E2
8.232193E0;2.916915E0;2.913531E2
8.248857E0;1.785610E0;2.911782E2
8.265522E0;7.412020E-1;2.914917E2
8.282186E0;-5.576625E-1;2.917953E2
8.298850E0;-1.947186E0;2.918716E2
8.315515E0;-3.132520E0;2.918749E2
8.332179E0;-4.639773E0;2.917828E2
8.348843E0;-5.502585E0;2.916496E2
8.365508E0;-6.307465E0;2.916791E2
8.382172E0;-7.176744E0;2.916331E2
8.398836E0;-8.312832E0;2.916054E2
8.415501E0;-9.176567E0;2.915840E2
8.432165E0;-1.017511E1;2.916799E2
8.448830E0;-1.145887E1;2.918501E2
8.465494E0;-1.202743E1;2.920006E2
8.482158E0;-1.271161E1;2.919556E2
8.498823E0;-1.333291E1;2.919432E2
8.515487E0;-1.356762E1;2.918540E2
8.532151E0;-1.426515E1;2.918238E2
8.548816E0;-1.515553E1;2.919377E2
8.565480E0;-1.554918E1;2.917274E2
8.582144E0;-1.613434E1;2.919448E2
8.598809E0;-1.625001E1;2.916994E2
8.615473E0;-1.638281E1;2.917493E2
8.632137E0;-1.672047E1;2.916342E2
8.648802E0;-1.701973E1;2.916410E2
8.665466E0;-1.755250E1;2.915696E2
8.682131E0;-1.717554E1;2.916867E2
8.698795E0;-1.763545E1;2.915964E2
8.715459E0;-1.773603E1;2.916884E2
8.732124E0;-1.745073E1;2.918006E2
8.748788E0;-1.748599E1;2.917913E2
8.765452E0;-1.738283E1;2.919298E2
8.782117E0;-1.728365E1;2.919382E2
8.798781E0;-1.717651E1;2.920706E2
8.815445E0;-1.695608E1;2.922842E2
8.832110E0;-1.662961E1;2.921142E2
8.848774E0;-1.634413E1;2.920209E2
8.865438E0;-1.597869E1;2.920071E2
8.882103E0;-1.584468E1;2.917017E2
8.898767E0;-1.498267E1;2.917291E2
8.915432E0;-1.441609E1;2.916555E2
8.932096E0;-1.394842E1;2.916690E2
8.948760E0;-1.319808E1;2.918991E2
8.965425E0;-1.226905E1;2.919544E2
8.982089E0;-1.144289E1;2.920824E2
8.998753E0;-1.053252E1;2.920805E2
9.015418E0;-9.737660E0;2.918100E2
9.032082E0;-9.134640E0;2.920394E2
9.048746E0;-8.860348E0;2.919451E2
9.065411E0;-8.588614E0;2.918657E2
9.082075E0;-7.542835E0;2.919632E2
9.098739E0;-7.006027E0;2.918619E2
9.115404E0;-6.381607E0;2.918766E2
9.132068E0;-5.550612E0;2.917743E2
9.148733E0;-4.844065E0;2.917742E2
9.165397E0;-3.849403E0;2.917611E2
9.182061E0;-3.385411E0;2.919593E2
9.198726E0;-2.711560E0;2.920733E2
9.215390E0;-1.992943E0;2.917825E2
9.232054E0;-1.027071E0;2.919294E2
9.248719E0;-2.973139E-1;2.919360E2
9.265383E0;-1.956496E-2;2.920213E2
9.282047E0;5.048888E-1;2.919938E2
9.298712E0;9.981909E-1;2.919481E2
9.315376E0;1.263136E0;2.921553E2
9.332041E0;2.250302E0;2.918695E2
9.348705E0;2.660522E0;2.916564E2
9.365369E0;3.098869E0;2.917021E2
9.382034E0;3.509211E0;2.915228E2
9.398698E0;4.008270E0;2.914668E2
9.415362E0;4.624240E0;2.916053E2
9.432027E0;5.056762E0;2.915606E2
9.448691E0;5.210893E0;2.915559E2
9.465355E0;5.586565E0;2.917550E2
9.482020E0;5.669112E0;2.918241E2
9.498684E0;5.891037E0;2.917883E2
9.515348E0;6.107543E0;2.917359E2
9.532013E0;6.391953E0;2.918304E2
9.548677E0;6.624997E0;2.916126E2
9.565342E0;6.591584E0;2.916948E2
9.582006E0;6.548900E0;2.916554E2
9.598670E0;6.398020E0;2.917099E2
9.615335E0;6.468189E0;2.917433E2
9.631999E0;6.406861E0;2.915298E2
9.648663E0;6.470053E0;2.915019E2
9.665328E0;6.681860E0;2.915457E2
9.681992E0;6.361455E0;2.915935E2
9.698656E0;6.277990E0;2.917165E2
9.715321E0;6.188401E0;2.918090E2
9.731985E0;6.179192E0;2.917607E2
9.748649E0;5.966352E0;2.917562E2
9.765314E0;5.736485E0;2.918645E2
9.781978E0;5.271611E0;2.917485E2
9.798643E0;5.008184E0;2.917288E2
9.815307E0;4.885410E0;2.917751E2
9.831971E0;4.749259E0;2.918441E2
9.848636E0;4.362862E0;2.918190E2
9.865300E0;4.035234E0;2.915847E2
9.881964E0;3.673737E0;2.918318E2
9.898629E0;3.011358E0;2.917507E2
9.915293E0;2.416190E0;2.917484E2
9.931957E0;2.063070E0;2.919769E2
9.948622E0;1.518725E0;2.919085E2
9.965286E0;1.158323E0;2.918052E2
9.981950E0;8.348906E-1;2.920254E2
9.998615E0;-2.883629E-1;2.921817E2
1.001528E1;-6.329076E-1;2.922067E2
1.003194E1;-1.136802E0;2.920063E2
1.004861E1;-1.087950E0;2.919475E2
1.006527E1;-1.543609E0;2.918374E2
1.008194E1;-1.697992E0;2.918328E2
1.009860E1;-2.139575E0;2.916819E2
1.011527E1;-2.406931E0;2.917833E2
1.013193E1;-2.799529E0;2.918453E2
1.014859E1;-3.385198E0;2.918376E2
1.016526E1;-3.786561E0;2.920487E2
1.018192E1;-4.435735E0;2.920029E2
1.019859E1;-4.611759E0;2.920695E2
1.021525E1;-4.953916E0;2.918874E2
1.023192E1;-5.126000E0;2.919515E2
1.024858E1;-5.144127E0;2.920878E2
1.026524E1;-5.520219E0;2.919681E2
1.028191E1;-5.455718E0;2.923183E2
1.029857E1;-6.058282E0;2.919578E2
1.031524E1;-5.940916E0;2.919254E2
1.033190E1;-5.956263E0;2.917837E2
1.034857E1;-6.186882E0;2.918186E2
1.036523E1;-6.591802E0;2.917159E2
1.038190E1;-6.989118E0;2.918317E2
1.039856E1;-7.193150E0;2.919187E2
1.041522E1;-7.417175E0;2.919097E2
1.043189E1;-7.602295E0;2.918451E2
1.044855E1;-7.614633E0;2.918943E2
1.046522E1;-7.731019E0;2.919540E2
1.048188E1;-7.462045E0;2.918060E2
1.049855E1;-7.128353E0;2.920255E2
1.051521E1;-7.331797E0;2.919651E2
1.053187E1;-7.156537E0;2.919849E2
1.054854E1;-6.783881E0;2.921834E2
1.056520E1;-6.616523E0;2.919525E2
1.058187E1;-6.595673E0;2.918475E2
1.059853E1;-6.680349E0;2.915975E2
1.061520E1;-6.549702E0;2.916407E2
1.063186E1;-6.619590E0;2.916833E2
1.064852E1;-6.669496E0;2.917867E2
1.066519E1;-6.692285E0;2.920171E2
1.068185E1;-6.714312E0;2.918471E2
1.069852E1;-6.451305E0;2.920362E2
1.071518E1;-6.473716E0;2.919104E2
1.073185E1;-5.946715E0;2.920760E2
1.074851E1;-5.723432E0;2.919070E2
1.076518E1;-5.766380E0;2.919051E2
1.078184E1;-5.508476E0;2.920860E2
1.079850E1;-5.323169E0;2.921588E2
1.081517E1;-5.138062E0;2.923813E2
1.083183E1;-4.938270E0;2.921516E2
1.084850E1;-4.787922E0;2.921637E2
1.086516E1;-4.549494E0;2.921805E2
1.088183E1;-4.393097E0;2.922215E2
1.089849E1;-3.805217E0;2.923199E2
1.091515E1;-3.763498E0;2.920183E2
1.093182E1;-3.384935E0;2.920758E2
1.094848E1;-3.566833E0;2.919973E2
1.096515E1;-3.470311E0;2.923255E2
1.098181E1;-3.057850E0;2.922586E2
1.099848E1;-2.747559E0;2.923205E2
1.101514E1;-2.489854E0;2.923396E2
1.103181E1;-2.300235E0;2.924088E2
1.104847E1;-2.207233E0;2.924824E2
1.106513E1;-2.054912E0;2.924425E2
1.108180E1;-1.919142E0;2.924576E2
1.109846E1;-1.895714E0;2.922988E2
1.111513E1;-1.713291E0;2.924298E2
1.113179E1;-1.313528E0;2.923464E2
1.114846E1;-1.049256E0;2.922862E2
1.116512E1;-1.158908E0;2.921290E2
1.118178E1;-9.144669E-1;2.919984E2
1.119845E1;-8.813955E-1;2.923110E2
1.121511E1;-3.460705E-1;2.922029E2
1.123178E1;-3.972244E-1;2.922999E2
1.124844E1;-4.645573E-1;2.923947E2
1.126511E1;-2.100377E-1;2.926018E2
1.128177E1;-2.447283E-1;2.923367E2
1.129843E1;-8.827169E-2;2.924362E2
1.131510E1;-4.825713E-3;2.923880E2
1.133176E1;1.167577E-2;2.922219E2
1.134843E1;-1.951825E-1;2.921169E2
1.136509E1;8.265056E-2;2.925280E2
1.138176E1;-9.035298E-2;2.922396E2
1.139842E1;2.265220E-2;2.921246E2
1.141509E1;7.904578E-2;2.920735E2
1.143175E1;9.576573E-2;2.919856E2
1.144841E1;8.283546E-2;2.921636E2
1.146508E1;4.404075E-1;2.922422E2
1.148174E1;1.875597E-1;2.921575E2
1.149841E1;3.431065E-1;2.922123E2
1.151507E1;4.321681E-1;2.921672E2
1.153174E1;6.279966E-1;2.920439E2
1.154840E1;5.811097E-1;2.918766E2
1.156506E1;5.451923E-1;2.919744E2
1.158173E1;3.518502E-1;2.919216E2
1.159839E1;-2.129534E-1;2.919894E2
1.161506E1;-1.970940E-1;2.922532E2
1.163172E1;-4.193156E-1;2.922546E2
1.164839E1;-6.014424E-1;2.919217E2
1.166505E1;-5.894911E-1;2.919707E2
1.168171E1;-7.218114E-1;2.919948E2
1.169838E1;-5.967112E-1;2.920798E2
1.171504E1;-4.734786E-1;2.922310E2
1.173171E1;-8.473418E-1;2.922435E2
1.174837E1;-9.689122E-1;2.918136E2
1.176504E1;-8.638837E-1;2.918848E2
1.178170E1;-9.501704E-1;2.919606E2
1.179837E1;-8.650081E-1;2.918967E2
1.181503E1;-1.130616E0;2.917299E2
1.183169E1;-1.350918E0;2.915972E2
1.184836E1;-1.533979E0;2.916493E2
1.186502E1;-1.747941E0;2.918287E2
1.188169E1;-1.736407E0;2.920221E2
1.189835E1;-1.718330E0;2.919545E2
1.191502E1;-1.865735E0;2.920046E2
1.193168E1;-1.778738E0;2.921173E2
1.194834E1;-1.758813E0;2.920738E2
1.196501E1;-2.108090E0;2.920562E2
1.198167E1;-2.377091E0;2.922849E2
1.199834E1;-3.265626E0;2.923970E2
1.201500E1;-3.491247E0;2.923878E2
1.203167E1;-3.518343E0;2.924009E2
1.204833E1;-3.799131E0;2.923366E2
1.206500E1;-3.752299E0;2.921565E2
1.208166E1;-3.770459E0;2.922543E2
1.209832E1;-3.767726E0;2.924392E2
1.211499E1;-3.668371E0;2.921998E2
1.213165E1;-3.840824E0;2.920868E2
1.214832E1;-3.659447E0;2.919967E2
1.216498E1;-3.393115E0;2.920377E2
1.218165E1;-3.377219E0;2.921092E2
1.219831E1;-3.230519E0;2.923165E2
1.221497E1;-3.461615E0;2.922713E2
1.223164E1;-3.724326E0;2.922350E2
1.224830E1;-4.029735E0;2.923623E2
1.226497E1;-4.225297E0;2.922449E2
1.228163E1;-4.228192E0;2.922343E2
1.229830E1;-4.556531E0;2.921061E2
1.231496E1;-4.485498E0;2.919993E2
1.233162E1;-4.065996E0;2.921938E2
1.234829E1;-4.208550E0;2.920772E2
1.236495E1;-3.911563E0;2.921389E2
1.238162E1;-3.903439E0;2.921176E2
1.239828E1;-3.807144E0;2.923834E2
1.241495E1;-3.603977E0;2.924466E2
1.243161E1;-3.787698E0;2.926417E2
1.244828E1;-3.519804E0;2.924735E2
1.246494E1;-3.464585E0;2.921789E2
1.248160E1;-3.556768E0;2.924120E2
1.249827E1;-3.891257E0;2.923927E2
1.251493E1;-3.803766E0;2.924658E2
1.253160E1;-3.920377E0;2.924521E2
1.254826E1;-3.747285E0;2.924377E2
1.256493E1;-3.786358E0;2.922335E2
1.258159E1;-3.625842E0;2.923793E2
1.259825E1;-3.559593E0;2.922094E2
1.261492E1;-3.511201E0;2.921645E2
1.263158E1;-3.643315E0;2.922421E2
1.264825E1;-3.374629E0;2.924543E2
1.266491E1;-3.491888E0;2.924697E2
1.268158E1;-3.505521E0;2.925931E2
1.269824E1;-3.319995E0;2.926859E2
1.271491E1;-3.367936E0;2.923774E2
1.273157E1;-3.544198E0;2.925174E2
1.274823E1;-3.701129E0;2.925940E2
1.276490E1;-3.612935E0;2.926329E2
1.278156E1;-3.638472E0;2.923932E2
1.279823E1;-3.721861E0;2.923975E2
1.281489E1;-3.595253E0;2.924145E2
1.283156E1;-3.455519E0;2.926812E2
1.284822E1;-3.414049E0;2.924730E2
1.286488E1;-3.573823E0;2.925303E2
1.288155E1;-3.697588E0;2.926101E2
1.289821E1;-3.506969E0;2.926305E2
1.291488E1;-3.565877E0;2.926767E2
1.293154E1;-3.462623E0;2.928758E2
1.294821E1;-3.431114E0;2.927925E2
1.296487E1;-3.375773E0;2.926472E2
1.298153E1;-3.459460E0;2.926397E2
1.299820E1;-3.679269E0;2.923204E2
1.301486E1;-3.734134E0;2.924211E2
1.303153E1;-3.419480E0;2.925118E2
1.304819E1;-3.239033E0;2.925497E2
1.306486E1;-3.505644E0;2.926686E2
1.308152E1;-3.440383E0;2.926758E2
1.309819E1;-3.329295E0;2.928138E2
1.311485E1;-3.238906E0;2.925995E2
1.313151E1;-3.243265E0;2.927218E2
1.314818E1;-3.477161E0;2.928471E2
1.316484E1;-3.417586E0;2.927947E2
1.318151E1;-3.358692E0;2.926771E2
1.319817E1;-3.264531E0;2.926966E2
1.321484E1;-3.320237E0;2.926273E2
1.323150E1;-3.387046E0;2.928408E2
1.324816E1;-3.468208E0;2.926653E2
1.326483E1;-3.499245E0;2.925781E2
1.328149E1;-3.404464E0;2.926368E2
1.329816E1;-3.147182E0;2.926272E2
1.331482E1;-3.277196E0;2.926388E2
1.333149E1;-3.443758E0;2.927241E2
1.334815E1;-3.430638E0;2.928616E2
1.336482E1;-3.486937E0;2.928214E2
1.338148E1;-3.642664E0;2.928534E2
1.339814E1;-3.642388E0;2.927267E2
1.341481E1;-3.634240E0;2.927315E2
1.343147E1;-3.595524E0;2.926716E2
1.344814E1;-3.581349E0;2.925244E2
1.346480E1;-3.417166E0;2.926378E2
1.348147E1;-3.367847E0;2.926236E2
1.349813E1;-3.586355E0;2.925402E2
1.351479E1;-3.382260E0;2.923167E2
1.353146E1;-3.336657E0;2.924564E2
1.354812E1;-3.350290E0;2.924404E2
1.356479E1;-3.460268E0;2.925679E2
1.358145E1;-3.675503E0;2.926786E2
1.359812E1;-3.590021E0;2.927131E2
1.361478E1;-3.637563E0;2.928438E2
1.363144E1;-3.512056E0;2.926396E2
1.364811E1;-3.502240E0;2.927198E2
1.366477E1;-3.621146E0;2.926984E2
1.368144E1;-3.448800E0;2.926797E2
1.369810E1;-3.548136E0;2.923534E2
