;massa B;;;;;
t;x;y;θ;ω;α;
0,000;-6,237E-3;288,2;90,00;;
0,017;-9,088E-3;288,4;90,00;1,017;
0,033;-0,177;288,7;90,04;1,345;-13,78
0,050;-0,235;288,7;90,05;0,287;-76,56
0,067;-0,225;288,9;90,04;-1,090;-40,01
0,083;-5,200E-2;289,1;90,01;-1,367;-4,908
0,100;4,307E-3;289,1;90,00;-0,884;29,79
0,117;9,670E-2;289,1;89,98;-0,605;-0,912
0,133;0,106;288,8;89,98;-0,664;15,08
0,150;0,208;289,0;89,96;-0,442;4,253
0,167;0,180;288,7;89,96;-0,153;13,62
0,183;0,234;288,6;89,95;-0,287;-43,05
0,200;0,228;288,4;89,95;-1,233;9,751
0,217;0,440;288,3;89,91;-0,651;74,06
0,233;0,337;288,3;89,93;1,867;36,99
0,250;0,127;288,4;89,97;0,748;9,174
0,267;0,212;288,7;89,96;1,255;-41,21
0,283;-8,347E-2;288,6;90,02;0,678;-31,30
0,300;9,828E-2;288,8;89,98;-1,079;-98,76
0,317;9,778E-2;288,8;89,98;-1,660;29,21
0,333;0,377;288,8;89,93;-1,060;17,91
0,350;0,276;288,8;89,95;-4,768E-3;73,82
0,367;0,378;288,9;89,93;0,488;-82,68
0,383;0,194;288,5;89,96;-1,565;29,75
0,400;0,641;288,7;89,87;-0,522;68,98
0,417;0,281;288,4;89,94;2,847;70,00
0,433;0,162;288,4;89,97;0,805;-77,86
0,450;0,146;288,6;89,97;0,269;-53,32
0,467;0,117;288,5;89,98;-0,712;-39,20
0,483;0,266;288,4;89,95;-1,403;82,90
0,500;0,352;288,4;89,93;1,890;41,14
0,517;-5,149E-2;288,6;90,01;1,260;54,78
0,533;0,141;288,7;89,97;1,710;-48,12
0,550;-0,339;288,8;90,07;1,859;-66,16
0,567;-0,171;289,0;90,03;-2,148;-189,3
0,583;2,219E-2;289,3;90,00;-3,738;73,70
0,600;0,458;289,3;89,91;-0,718;150,6
0,617;0,143;289,4;89,97;2,885;121,1
0,633;-2,753E-2;288,9;90,01;2,384;-52,92
0,650;-0,258;288,8;90,05;1,519;-82,39
0,667;-0,283;288,9;90,06;-0,629;-92,34
0,683;-0,152;288,7;90,03;-1,638;52,30
0,700;-7,567E-3;288,5;90,00;0,855;73,05
0,717;-0,295;288,5;90,06;1,780;-44,30
0,733;-0,307;288,8;90,06;-1,261;-60,04
0,750;-8,374E-2;288,8;90,02;-0,667;82,10
0,767;-0,195;289,2;90,04;2,126;38,31
0,783;-0,442;289,2;90,09;0,854;-116,9
0,800;-0,338;289,2;90,07;-2,323;-75,72
0,817;-5,077E-2;289,2;90,01;-1,902;44,74
0,833;-1,939E-2;289,3;90,00;-0,266;38,10
0,850;-6,325E-3;289,2;90,00;-0,734;-7,628
0,867;0,104;289,1;89,98;-0,773;79,62
0,883;0,124;289,0;89,98;1,857;28,54
0,900;-0,208;288,7;90,04;1,107;-69,81
0,917;-6,195E-2;288,7;90,01;-1,602;-54,62
0,933;6,102E-2;288,4;89,99;-0,418;42,25
0,950;8,256E-3;288,3;90,00;0,154;74,65
0,967;3,514E-2;288,4;89,99;1,522;-85,28
0,983;-0,247;288,5;90,05;-1,412;-64,98
1,000;0,272;288,8;89,95;-2,761;-73,00
1,017;0,217;288,9;89,96;-1,828;48,07
1,033;0,580;289,1;89,89;-2,606;23,26
1,050;0,655;289,2;89,87;-0,292;89,69
1,067;0,630;289,4;89,88;0,310;-10,75
1,083;0,603;289,3;89,88;-0,604;7,983
1,100;0,731;289,2;89,86;8,421E-2;20,53
1,117;0,589;289,2;89,88;0,797;84,94
1,133;0,597;289,0;89,88;2,116;32,95
1,150;0,233;288,8;89,95;2,863;-38,94
1,167;0,115;288,9;89,98;0,248;-86,75
1,183;0,191;288,8;89,96;-0,243;33,96
1,200;0,156;288,8;89,97;1,569;-4,992
1,217;-7,262E-2;289,0;90,01;0,187;5,187
1,233;0,125;289,1;89,98;0,454;-59,16
1,250;-0,149;289,3;90,03;-0,138;12,64
1,267;0,148;289,4;89,97;-0,874;23,18
1,283;-2,014E-3;289,5;90,00;1,866;-1,920
1,300;-0,166;289,6;90,03;-0,888;-233,6
1,317;0,148;289,6;89,97;-6,366;-591,0
1,333;0,906;289,6;89,82;-19,45;-800,2
1,350;3,424;289,6;89,32;-34,92;-883,8
1,366;6,781;289,1;88,66;-47,74;-719,8
1,383;11,46;289,3;87,73;-59,81;-584,9
1,400;16,82;288,4;86,66;-66,95;-553,9
1,416;22,66;287,9;85,50;-77,39;-484,1
1,433;29,77;287,2;84,08;-84,86;-355,5
1,450;36,87;286,7;82,67;-87,70;-391,4
1,466;44,44;285,7;81,16;-97,76;-663,8
1,483;53,20;284,6;79,41;-110,6;-755,1
1,500;62,88;283,0;77,47;-122,7;-820,0
1,516;73,55;280,8;75,32;-137,7;-763,1
1,533;85,73;278,4;72,88;-149,3;-701,1
1,550;98,27;275,2;70,35;-159,6;-772,4
1,566;111,6;270,4;67,57;-175,5;-1,430E3
1,583;126,3;264,7;64,50;-205,5;-927,6
1,600;142,4;253,9;60,71;-213,3;-251,2
1,616;156,9;245,3;57,39;-206,0;328,0
1,633;171,7;235,0;53,85;-206,9;-29,29
1,650;185,1;224,5;50,49;-204,1;54,56
1,666;198,4;213,1;47,04;-206,7;-9,636
1,683;210,7;200,7;43,60;-205,0;50,66
1,700;222,1;187,9;40,23;-205,3;271,3
1,716;233,0;174,3;36,80;-197,4;243,7
1,733;242,3;161,3;33,65;-192,1;229,1
1,750;251,6;147,4;30,37;-192,7;311,2
1,766;259,2;133,4;27,23;-181,7;674,7
1,783;265,3;119,9;24,32;-169,4;645,6
1,800;270,8;107,1;21,58;-160,3;454,2
1,816;275,6;94,75;18,98;-154,1;508,5
1,833;279,7;82,53;16,44;-144,4;845,2
1,850;282,2;71,20;14,16;-125,7;1,237E3
1,866;284,1;61,71;12,25;-102,8;1,194E3
1,883;285,6;54,14;10,74;-84,96;917,9
1,900;286,4;47,51;9,420;-72,99;623,4
1,916;286,9;41,87;8,302;-63,81;341,3
1,933;287,7;36,82;7,293;-61,41;-9,950
1,950;288,5;31,62;6,255;-64,53;-143,2
1,966;289,0;26,01;5,142;-66,72;-129,0
1,983;289,5;20,40;4,031;-68,25;33,45
2,000;288,2;14,43;2,867;-66,55;436,8
2,016;287,9;9,112;1,813;-53,86;642,3
2,033;287,2;5,372;1,071;-43,13;745,5
2,050;287,1;1,880;0,375;-31,44;648,3
2,066;286,3;0,117;2,345E-2;-19,05;759,3
2,083;285,7;-1,296;-0,260;-8,267;444,5
2,100;286,2;-1,259;-0,252;-1,720;410,1
2,116;285,7;-1,582;-0,317;2,603;-122,1
2,133;285,4;-0,824;-0,165;-2,027;-482,7
2,150;285,4;-1,917;-0,385;-17,05;-689,2
2,166;285,6;-3,657;-0,734;-24,07;-277,8
2,183;284,9;-5,904;-1,187;-26,72;-68,35
2,200;285,3;-8,089;-1,624;-25,82;28,29
2,216;285,3;-10,20;-2,048;-25,69;298,7
2,233;285,5;-12,37;-2,481;-17,25;567,2
2,250;284,9;-13,05;-2,623;-4,784;562,6
2,266;284,7;-13,13;-2,640;1,030;307,8
2,283;284,8;-12,87;-2,588;5,234;124,4
2,300;284,9;-12,27;-2,466;5,722;31,02
2,316;285,0;-11,93;-2,397;5,320;-61,98
2,333;285,2;-11,40;-2,288;4,532;9,868
2,350;285,4;-11,19;-2,246;4,596;317,0
2,366;285,6;-10,65;-2,135;14,84;263,5
2,383;284,7;-8,713;-1,753;16,39;-53,79
2,400;284,6;-7,909;-1,592;9,923;-214,1
2,416;284,7;-7,071;-1,423;10,16;191,0
2,433;284,5;-6,220;-1,252;15,50;615,6
2,450;284,5;-4,498;-0,906;30,84;929,3
2,466;285,0;-1,116;-0,224;47,63;935,7
2,483;284,7;3,389;0,682;61,51;945,1
2,500;284,5;9,068;1,826;78,76;802,5
2,516;284,4;16,43;3,307;89,97;733,5
2,533;284,1;23,98;4,825;100,7;659,2
2,550;283,3;33,10;6,664;114,0;845,3
2,566;282,1;42,79;8,626;127,2;806,0
2,583;280,3;54,00;10,90;142,3;539,7
2,600;277,8;66,03;13,37;145,7;373,8
2,616;274,6;77,50;15,76;152,1;556,0
2,633;271,0;90,34;18,44;166,2;473,8
2,650;266,1;103,8;21,30;168,7;188,2
2,666;261,2;116,6;24,06;170,2;263,2
2,683;255,0;129,8;26,97;178,6;285,4
2,700;248,0;143,3;30,02;180,5;167,1
2,716;240,2;155,9;32,99;182,4;241,1
2,733;231,7;168,9;36,10;189,6;236,2
2,750;222,3;182,0;39,31;190,8;58,32
2,766;212,0;194,0;42,46;190,4;-33,34
2,783;201,0;205,7;45,66;190,5;8,631
2,800;189,4;216,4;48,81;190,1;37,64
2,816;177,2;226,7;51,99;192,0;29,76
2,833;164,3;236,5;55,21;191,5;-174,1
2,850;150,9;245,1;58,37;186,1;-184,9
2,866;138,3;253,8;61,41;184,2;-119,8
2,883;124,3;260,9;64,52;183,6;-125,4
2,900;110,8;267,8;67,53;179,3;-214,2
2,916;96,85;273,4;70,49;176,5;-175,2
2,933;82,86;278,2;73,41;173,6;-306,9
2,950;68,82;281,8;76,28;166,6;-328,0
2,966;55,59;285,1;78,97;161,4;-1,572E3
2,983;42,18;287,6;81,66;120,8;-1,058E3
3,000;35,04;285,1;82,99;110,3;96,51
3,016;23,37;286,3;85,33;138,6;879,5
3,033;11,94;286,7;87,62;135,0;-282,1
3,050;0,828;286,7;89,83;129,5;-366,9
3,066;-9,652;286,3;91,93;122,5;-7,419
3,083;-19,55;285,4;93,92;127,6;-209,2
3,100;-30,91;285,3;96,18;120,6;-513,5
3,116;-39,61;284,1;97,94;104,9;-646,0
3,133;-48,23;282,7;99,68;101,6;-439,3
3,150;-56,31;281,2;101,3;90,60;-472,2
3,166;-63,14;280,1;102,7;83,86;-132,3
3,183;-70,04;278,4;104,1;87,37;-140,7
3,200;-77,46;277,2;105,6;80,88;-580,7
3,216;-83,31;275,6;106,8;66,06;-642,5
3,233;-88,06;274,0;107,8;59,34;-407,5
3,250;-92,77;272,7;108,8;54,16;-386,4
3,266;-96,71;271,4;109,6;45,67;-459,9
3,283;-99,91;269,9;110,3;38,51;-341,8
3,300;-102,5;268,4;110,9;34,01;-223,6
3,316;-105,1;267,5;111,4;31,47;-311,0
3,333;-107,4;266,5;111,9;24,29;-410,7
3,350;-108,8;265,8;112,3;16,56;-373,7
3,366;-109,8;265,2;112,5;12,46;-313,5
3,383;-110,6;264,7;112,7;6,293;-333,9
3,400;-110,6;264,3;112,7;0,755;-234,3
3,416;-110,5;264,3;112,7;-1,348;-95,78
3,433;-110,5;264,7;112,7;-2,282;-260,7
3,450;-110,4;265,0;112,6;-9,176;-412,8
3,466;-109,2;265,4;112,4;-17,55;-256,9
3,483;-107,8;266,4;112,0;-17,63;-111,1
3,500;-106,7;267,2;111,8;-19,87;-190,7
3,516;-104,8;267,9;111,4;-25,23;-298,8
3,533;-102,8;268,7;110,9;-29,23;-203,8
3,550;-100,2;269,5;110,4;-32,53;-124,6
3,566;-97,51;270,2;109,8;-33,16;-71,69
3,583;-94,93;271,2;109,3;-34,64;-118,2
3,600;-92,03;272,0;108,7;-37,33;-120,7
3,616;-88,98;273,1;108,0;-38,78;-65,30
3,633;-85,91;274,2;107,4;-39,33;-172,8
3,650;-82,77;275,2;106,7;-43,99;-69,42
3,666;-78,89;276,4;105,9;-43,51;-7,908
3,683;-75,82;277,4;105,3;-41,83;-15,89
3,700;-72,16;278,3;104,5;-45,53;-232,8
3,716;-68,49;279,5;103,8;-48,92;-8,111
3,733;-64,36;280,8;102,9;-47,16;-19,80
3,750;-60,90;281,8;102,2;-47,22;11,51
3,766;-56,62;282,5;101,3;-49,13;-100,8
3,783;-52,74;283,0;100,6;-48,81;133,4
3,800;-48,53;283,7;99,71;-46,43;108,2
3,816;-45,04;284,0;99,01;-43,27;-36,11
3,833;-41,31;284,4;98,26;-48,29;-19,27
3,850;-37,02;284,9;97,40;-45,54;188,7
3,866;-33,74;285,2;96,75;-39,71;99,37
3,883;-30,44;285,9;96,08;-42,80;-91,34
3,900;-26,66;286,4;95,32;-43,76;-46,08
3,916;-23,17;286,8;94,62;-43,37;114,2
3,933;-19,46;287,1;93,88;-41,34;39,36
3,950;-16,32;287,4;93,25;-40,37;52,27
3,966;-12,73;287,9;92,53;-40,81;48,60
3,983;-9,488;288,2;91,89;-37,87;189,5
4,000;-6,387;288,2;91,27;-34,94;96,72
4,016;-3,630;288,4;90,72;-34,03;130,5
4,033;-0,680;288,2;90,14;-31,70;198,3
4,050;1,689;288,4;89,66;-26,51;92,64
4,066;3,767;288,3;89,25;-28,14;15,39
4,083;6,399;287,9;88,73;-27,74;75,31
4,099;8,405;287,7;88,33;-24,07;139,9
4,116;10,42;287,5;87,92;-23,69;85,05
4,133;12,37;287,5;87,54;-21,36;95,46
4,149;14,00;287,5;87,21;-19,97;74,74
4,166;15,71;287,3;86,87;-19,43;1,408
4,183;17,25;287,3;86,56;-19,41;61,09
4,199;18,98;287,5;86,22;-18,15;119,5
4,216;20,31;287,5;85,96;-14,79;86,03
4,233;21,43;287,0;85,73;-15,10;63,87
4,249;22,83;287,2;85,46;-13,63;84,01
4,266;23,72;287,0;85,28;-11,22;220,4
4,283;24,70;287,1;85,08;-7,428;167,4
4,299;24,94;286,8;85,03;-4,210;41,25
4,316;25,39;286,8;84,94;-6,738;-83,94
4,333;26,04;286,4;84,80;-7,409;62,77
4,349;26,58;286,3;84,69;-4,492;156,0
4,366;26,79;286,3;84,65;-1,816;115,2
4,383;26,87;286,1;84,63;-0,838;98,59
4,399;26,93;286,4;84,63;1,254;37,74
4,416;26,69;286,4;84,68;1,115;-55,21
4,433;26,76;286,5;84,66;-1,278;-52,14
4,449;26,92;286,6;84,63;-0,681;125,5
4,466;26,90;286,7;84,64;2,956;198,6
4,483;26,43;286,7;84,73;6,355;43,70
4,499;25,82;286,6;84,85;4,685;6,138
4,516;25,64;286,6;84,89;5,245;134,7
4,533;24,91;286,4;85,03;10,18;15,98
4,549;23,94;286,7;85,23;6,611;-89,48
4,566;23,80;286,3;85,25;4,887;-15,59
4,583;23,07;286,1;85,39;7,981;73,84
4,599;22,45;286,2;85,51;6,763;60,03
4,616;21,95;286,3;85,62;9,401;39,93
4,633;20,90;286,6;85,83;9,578;-2,455
4,649;20,36;286,5;85,94;7,768;-27,91
4,666;19,62;286,9;86,09;9,420;116,2
4,683;18,80;286,7;86,25;11,33;49,26
4,699;17,73;286,9;86,46;11,64;19,20
4,716;16,87;287,2;86,64;11,26;-104,5
4,733;15,86;287,2;86,84;9,028;28,18
4,749;15,37;287,4;86,94;10,53;34,56
4,766;14,10;287,3;87,19;12,34;46,44
4,783;13,30;287,2;87,35;10,51;3,637
4,799;12,34;287,3;87,54;12,99;29,72
4,816;11,13;287,1;87,78;12,09;-86,31
4,833;10,31;287,1;87,94;9,220;-127,6
4,849;9,584;287,1;88,09;8,106;-18,97
4,866;8,962;287,3;88,21;8,387;80,16
4,883;8,190;287,4;88,37;10,89;66,16
4,899;7,148;287,6;88,58;11,12;-25,89
4,916;6,339;287,9;88,74;9,446;-110,8
4,933;5,573;287,9;88,89;7,742;21,08
4,949;5,044;288,0;89,00;9,358;40,79
4,966;4,003;287,8;89,20;10,44;51,25
4,983;3,291;287,8;89,34;9,884;-120,6
4,999;2,351;288,2;89,53;7,614;-82,93
5,016;2,018;288,0;89,60;5,641;6,489
5,033;1,404;287,9;89,72;8,641;89,83
5,049;0,570;288,0;89,89;8,923;-41,17
5,066;-9,050E-2;287,9;90,02;6,919;-79,89
5,083;-0,590;288,1;90,12;6,112;-5,844
5,099;-1,115;288,0;90,22;6,826;-17,47
5,116;-1,733;288,0;90,34;5,882;-123,3
5,133;-2,101;288,1;90,42;2,478;-111,8
5,149;-2,150;288,2;90,43;1,671;31,06
5,166;-2,381;288,1;90,47;3,931;196,4
5,183;-2,809;288,2;90,56;7,983;84,13
5,199;-3,728;288,8;90,74;7,828;-223,6
5,216;-4,134;289,0;90,82;-5,859E-2;-145,3
5,233;-3,720;289,0;90,74;1,166;-15,12
5,249;-4,323;288,5;90,86;2,535;51,32
5,266;-4,141;288,6;90,82;0,313;-38,00
5,283;-4,373;288,4;90,87;2,666;62,62
5,299;-4,587;288,4;90,91;2,077;-0,238
5,316;-4,719;288,2;90,94;2,427;-29,64
5,333;-4,990;288,2;90,99;1,619;-47,17
5,349;-4,988;288,1;90,99;0,240;-44,85
5,366;-5,031;288,2;91,00;0,432;-31,25
5,383;-5,062;288,2;91,01;-0,696;74,09
5,399;-4,916;288,4;90,98;2,054;-1,943
5,416;-5,413;288,5;91,07;1,162;-19,03
5,433;-5,117;288,7;91,02;-0,862;-132,8
5,449;-5,273;288,8;91,05;-1,361;31,40
5,466;-4,892;288,9;90,97;-1,552;24,51
5,483;-5,011;288,7;90,99;0,860;-25,66
5,499;-5,033;288,7;91,00;-2,598;-61,95
5,516;-4,574;288,7;90,91;-2,361;47,24
5,533;-4,633;288,6;90,92;0,317;87,26
5,549;-4,626;288,6;90,92;-1,016E-2;-57,21
5,566;-4,629;288,5;90,92;-1,321;-13,32
5,583;-4,402;288,4;90,87;-1,085;21,04
5,599;-4,445;288,4;90,88;9,691E-2;-43,06
5,616;-4,421;288,6;90,88;-2,554;-97,56
5,633;-4,019;288,6;90,80;-3,861;52,30
5,649;-3,773;288,7;90,75;-0,570;73,27
5,666;-3,926;288,7;90,78;-0,537;-56,39
5,683;-3,687;288,9;90,73;-3,385;-78,24
5,699;-3,361;289,1;90,67;-3,073;20,19
5,716;-3,174;289,3;90,63;-2,386;37,48
5,733;-2,962;289,3;90,59;-2,046;19,76
5,749;-2,829;289,2;90,56;-1,574;-3,281
5,766;-2,696;289,2;90,53;-2,142;21,08
5,783;-2,466;289,0;90,49;-1,243;44,07
5,799;-2,485;288,9;90,49;-0,123;-67,34
5,816;-2,444;288,7;90,48;-3,381;-53,35
5,833;-1,915;288,7;90,38;-3,134;47,42
5,849;-1,916;288,6;90,38;-0,419;137,2
5,866;-1,845;288,9;90,37;0,647;-49,34
5,883;-2,026;288,8;90,40;-1,105;-117,4
5,899;-1,660;288,9;90,33;-4,407;-18,04
5,916;-1,287;289,2;90,26;-1,653;151,9
5,933;-1,384;289,2;90,27;1,423;76,85
5,949;-1,526;289,1;90,30;0,727;-86,11
5,966;-1,507;289,4;90,30;-1,575;-44,66
5,983;-1,262;289,4;90,25;-1,240;-17,07
5,999;-1,297;289,1;90,26;-1,241;-37,75
6,016;-1,052;288,9;90,21;-3,174;-25,08
6,033;-0,762;288,7;90,15;-2,106;53,38
6,049;-0,697;288,6;90,14;-0,950;19,53
6,066;-0,602;288,5;90,12;-1,625;18,88
6,083;-0,424;288,7;90,08;-0,648;55,17
6,099;-0,494;288,6;90,10;0,722;85,74
6,116;-0,545;288,6;90,11;1,800;-83,39
6,133;-0,796;288,7;90,16;-1,118;-73,85
6,149;-0,358;288,8;90,07;-2,405;-23,65
6,166;-0,392;288,6;90,08;-0,400;92,49
6,183;-0,290;288,7;90,06;-0,113;-55,45
6,199;-0,373;289,0;90,07;-1,469;9,351
6,216;-4,374E-2;289,0;90,01;-1,067;-47,23
6,233;-0,194;288,6;90,04;-1,419;36,94
6,249;0,195;288,7;89,96;-1,593;-34,43
6,266;7,363E-2;288,4;89,99;-0,907;8,865
6,283;0,347;288,5;89,93;-2,507;71,19
6,299;0,494;288,2;89,90;1,542;47,53
6,316;8,765E-2;288,2;89,98;0,531;1,014
6,333;0,405;288,3;89,92;-0,588;-54,50
6,349;0,186;288,3;89,96;0,554;11,39
6,366;0,313;288,5;89,94;-1,286;-121,0
6,383;0,403;289,0;89,92;-2,846;76,01
6,399;0,794;289,1;89,84;3,400E-2;111,1
6,416;0,398;289,6;89,92;2,738;67,74
6,433;0,334;289,4;89,93;1,020;-99,14
6,449;0,226;289,5;89,96;-2,322E-2;-53,23
6,466;0,337;288,5;89,93;-1,185;-2,655
6,483;0,424;288,4;89,92;-2,916E-2;-25,62
6,499;0,341;288,0;89,93;-1,426;-11,51
6,516;0,662;287,8;89,87;-1,570;-43,69
6,533;0,603;287,6;89,88;-1,567;92,14
6,549;0,923;287,5;89,82;-1,405E-2;8,975
6,566;0,605;287,3;89,88;0,603;-1,283
6,583;0,823;287,7;89,84;-1,651;-44,63
6,599;0,883;288,0;89,82;-0,226;22,33
6,616;0,862;288,2;89,83;-0,760;-64,76
6,633;1,011;288,3;89,80;-2,622;14,58
6,649;1,302;288,3;89,74;-0,759;26,23
6,666;1,139;288,4;89,77;-0,501;45,43
6,683;1,388;288,5;89,72;-0,660;55,44
6,699;1,251;288,6;89,75;2,263;48,29
6,716;1,007;288,5;89,80;1,062;-16,89
6,733;1,072;288,4;89,79;0,856;-61,26
6,749;0,863;288,3;89,83;8,701E-2;-79,66
6,766;1,055;287,9;89,79;-2,663;-45,24
6,783;1,308;287,9;89,74;-1,412;130,7
6,799;1,290;287,7;89,74;1,954;114,5
6,816;0,980;287,8;89,80;2,806;-21,84
6,832;0,821;287,9;89,84;0,865;-39,82
6,849;0,836;288,0;89,83;1,126;-9,859
6,866;0,633;288,0;89,87;1,227;30,82
6,882;0,631;288,2;89,87;1,426;-74,63
6,899;0,395;288,5;89,92;-0,252;-139,6
6,916;0,674;288,6;89,87;-4,181;-86,70
6,932;1,097;288,5;89,78;-3,208;97,52
6,949;1,213;288,7;89,76;-0,423;146,5
6,966;1,167;288,2;89,77;1,544;5,383
6,982;0,953;288,3;89,81;0,239;-52,63
6,999;1,126;288,2;89,78;-1,148;-19,56
7,016;1,143;287,7;89,77;0,134;158,4
7,032;1,102;287,7;89,78;3,644;-14,52
7,049;0,536;287,5;89,89;1,278;-190,0
7,066;0,888;287,7;89,82;-4,629;-64,81
7,082;1,315;287,9;89,74;-0,834;123,2
7,099;1,029;288,1;89,80;1,086;46,07
7,116;1,134;288,3;89,77;-0,656;-41,52
7,132;1,140;288,3;89,77;0,169;48,19
7,149;1,106;288,3;89,78;0,868;108,6
7,166;0,994;288,3;89,80;3,566;-77,04
7,182;0,508;288,5;89,90;-0,261;-78,51
7,199;1,038;288,4;89,79;-1,756;3,514
7,216;0,803;288,6;89,84;2,126;82,39
7,232;0,682;288,6;89,86;0,304;11,16
7,249;0,752;288,6;89,85;1,884;5,056
7,266;0,366;288,7;89,93;1,809;-107,8
7,282;0,449;288,8;89,91;-2,656;-77,25
7,299;0,813;289,1;89,84;-1,281;124,2
7,316;0,665;289,2;89,87;2,492;124,7
7,332;0,394;289,1;89,92;2,718;2,633
7,349;0,207;289,2;89,96;2,320;-3,893
7,366;3,899E-3;288,9;90,00;2,655;-47,79
7,382;-0,239;288,7;90,05;1,043;8,771
7,399;-0,171;288,5;90,03;1,987;-73,41
7,416;-0,572;288,3;90,11;0,297;53,05
7,432;-0,221;288,4;90,04;1,294;-58,06
7,449;-0,788;288,1;90,16;1,343;-79,51
7,466;-0,446;288,1;90,09;-3,740;-147,4
7,482;-0,161;288,2;90,03;-2,783;29,13
7,499;2,072E-2;288,2;90,00;-2,585;-38,26
7,516;0,272;288,3;89,95;-4,105;-38,08
7,532;0,709;288,3;89,86;-4,250;63,63
7,549;0,985;288,4;89,80;-1,768;95,30
7,566;1,007;288,8;89,80;-0,711;76,35
7,582;1,107;289,0;89,78;0,228;-4,650
7,599;0,970;289,1;89,81;-0,146;-20,04
7,616;1,132;289,1;89,78;-1,244;23,12
7,632;1,180;289,2;89,77;0,867;121,5
7,649;0,986;289,2;89,80;3,017;109,3
7,666;0,672;289,3;89,87;4,412;-64,35
7,682;0,244;289,4;89,95;1,479;-104,6
7,699;0,424;289,5;89,92;-0,445;-124,1
7,716;0,319;289,4;89,94;-1,296;-18,76
7,732;0,642;289,4;89,87;-2,261;-103,3
7,749;0,700;289,3;89,86;-3,522;-39,75
7,766;1,234;289,3;89,76;-4,837;-7,730
7,782;1,514;289,4;89,70;-2,988;110,1
7,799;1,739;289,6;89,66;-1,460;79,13
7,816;1,760;289,4;89,65;-8,176E-2;49,16
7,832;1,751;289,3;89,65;6,414E-2;167,8
7,849;1,747;289,0;89,65;4,794;148,7
7,866;0,943;289,1;89,81;6,784;-128,0
7,882;0,606;288,9;89,88;-0,315;-174,6
7,899;0,995;288,7;89,80;-0,444;7,472
7,916;0,680;288,9;89,87;2,001;-13,25
7,932;0,659;288,8;89,87;-1,699;-155,2
7,949;0,966;288,7;89,81;-3,501;-25,50
7,966;1,247;288,8;89,75;-2,373;174,4
7,982;1,366;289,1;89,73;2,073;-5,836
7,999;0,900;289,2;89,82;-0,807;-87,33
8,016;1,504;289,5;89,70;-3,650;23,87
8,032;1,517;289,7;89,70;1,643;163,1
8,049;1,228;289,7;89,76;1,998;53,08
8,066;1,182;290,1;89,77;2,477;-41,79
8,082;0,812;290,0;89,84;1,733;-55,54
8,099;0,889;289,9;89,82;-0,469;-76,30
8,116;0,890;289,6;89,82;-0,268;98,31
8,132;0,932;289,3;89,82;2,274;-2,375
8,149;0,506;289,3;89,90;1,058;-8,172
8,166;0,753;288,8;89,85;3,296E-2;-144,8
8,182;0,500;288,9;89,90;-1,675;-72,14
8,199;1,033;288,6;89,79;-4,415;68,09
8,216;1,241;288,6;89,75;1,285;64,81
8,232;0,818;288,8;89,84;-0,649;72,41
8,249;1,352;289,0;89,73;0,554;40,81
8,266;0,726;289,1;89,86;3,986;88,33
8,282;0,681;289,1;89,86;1,402;-117,6
8,299;0,491;289,4;89,90;0,992;-29,52
8,316;0,515;289,2;89,90;-0,100;17,33
8,332;0,507;288,9;89,90;1,592;-6,169
8,349;0,246;288,7;89,95;0,471;-117,9
8,366;0,427;288,5;89,92;-3,159;-24,14
8,382;0,776;288,6;89,85;-0,736;-67,82
8,399;0,550;288,1;89,89;-3,423;-8,018
8,416;1,349;288,2;89,73;-4,028;12,77
8,432;1,225;288,2;89,76;-0,295;179,7
8,449;1,400;288,5;89,72;0,325;72,94
8,466;1,171;288,4;89,77;3,032;60,78
8,482;0,892;288,6;89,82;2,252;15,55
8,499;0,795;288,9;89,84;2,942;-24,48
8,516;0,398;288,5;89,92;2,427;-63,95
8,532;0,386;288,7;89,92;-6,937E-2;-99,49
8,549;0,409;288,4;89,92;-0,577;14,74
8,566;0,483;288,2;89,90;0,208;93,42
8,582;0,374;288,0;89,93;2,691;-0,635
8,599;3,398E-2;287,5;89,99;0,879;-52,20
8,616;0,226;287,3;89,95;-0,429;-28,42
8,632;0,106;287,4;89,98;0,983;-26,46
8,649;6,169E-2;287,7;89,99;-1,431;-79,41
8,666;0,346;288,0;89,93;-2,314;28,10
8,682;0,449;288,0;89,91;-7,199E-2;102,0
8,699;0,358;288,2;89,93;1,244;50,37
8,716;0,241;288,3;89,95;1,473;-38,87
8,732;0,111;288,2;89,98;0,149;-23,67
8,749;0,216;288,4;89,96;8,211E-2;-60,79
8,766;9,742E-2;288,1;89,98;-0,957;-0,231
8,782;0,376;287,9;89,93;-1,111;28,66
8,799;0,283;287,4;89,94;0,989;58,44
8,816;0,210;287,5;89,96;0,534;-67,90
8,832;0,194;287,3;89,96;-1,160;-80,34
8,849;0,403;286,8;89,92;-2,488;-22,72
8,866;0,608;286,5;89,88;-1,808;133,5
8,882;0,704;286,3;89,86;1,730;38,45
8,899;0,319;285,9;89,94;0,757;-16,36
8,916;0,577;285,7;89,88;-0,677;-75,97
8,932;0,431;285,6;89,91;-0,245;24,57
8,949;0,616;285,3;89,88;-0,958;46,00
8,966;0,590;285,4;89,88;1,737;-10,000
8,982;0,328;285,4;89,93;-0,543;-3,416
8,999;0,680;285,3;89,86;-0,209;40,66
9,016;0,363;285,4;89,93;2,657;71,10
9,032;0,239;285,2;89,95;1,284;-93,04
9,049;0,150;285,3;89,97;-0,163;14,02
9,066;0,266;285,3;89,95;1,075;-12,84
9,082;-2,869E-2;285,4;90,01;0,699;-4,801
9,099;0,150;285,7;89,97;-0,489;-53,09
9,116;5,261E-2;285,9;89,99;-1,925E-2;15,38
9,132;0,153;285,9;89,97;-0,636;16,86
9,149;0,158;286,2;89,97;0,759;61,80
9,166;2,691E-2;286,0;89,99;1,577;-72,94
9,182;-0,104;286,1;90,02;-1,370;-35,93
9,199;0,255;286,3;89,95;-0,943;11,56
9,216;5,281E-2;286,2;89,99;0,653;21,23
9,232;0,146;286,2;89,97;-1,211;-54,37
9,249;0,255;286,3;89,95;-0,977;8,779
9,266;0,309;286,3;89,94;-0,794;54,98
9,282;0,387;286,4;89,92;0,557;65,09
9,299;0,216;286,3;89,96;1,849;-18,18
9,316;7,874E-2;286,3;89,98;-7,201E-2;-64,79
9,332;0,229;286,5;89,95;-0,902;-4,046
9,349;0,229;286,4;89,95;0,257;43,58
9,366;0,186;286,5;89,96;0,501;9,095
9,382;0,146;286,4;89,97;0,512;-31,72
9,399;0,100;286,2;89,98;-0,408;-21,97
9,416;0,214;286,6;89,96;-0,605;20,67
9,432;0,201;286,7;89,96;0,572;37,73
9,449;0,119;286,9;89,98;0,703;29,08
9,466;8,480E-2;286,9;89,98;1,270;-48,42
9,482;-9,319E-2;287,0;90,02;-0,277;-81,19
9,499;0,131;287,2;89,97;-2,303;-2,915
9,516;0,292;287,2;89,94;-0,171;146,4
9,532;0,160;287,1;89,97;2,840;43,20
9,549;-0,183;287,2;90,04;1,721;-106,4
9,565;-0,128;287,0;90,03;-1,456;-78,80
9,582;6,020E-2;287,2;89,99;-0,974;31,23
9,599;3,507E-2;287,1;89,99;9,274E-2;41,44
9,615;4,472E-2;287,2;89,99;0,130;-78,53
9,632;1,328E-2;287,1;90,00;-2,075;6,920
9,649;0,391;287,2;89,92;-0,893;50,67
9,665;0,163;287,5;89,97;1,219;92,41
9,682;0,188;287,8;89,96;1,042;-109,7
9,699;-1,157E-2;287,7;90,00;-1,310;-16,15
9,715;0,407;287,8;89,92;-1,276;1,533E-2
9,732;0,202;287,8;89,96;0,555;97,28
9,749;0,314;287,7;89,94;0,613;69,99
9,765;9,941E-2;287,5;89,98;3,573;-17,91
9,782;-0,284;287,6;90,06;0,593;-116,5
9,799;1,472E-4;287,8;90,00;-1,817;-37,91
9,815;2,050E-2;288,1;90,00;0,275;79,72
9,832;-4,590E-2;288,0;90,01;0,767;-31,28
9,849;-0,108;288,0;90,02;-0,651;-41,46
9,865;6,308E-2;288,0;89,99;-1,138;-62,07
9,882;8,273E-2;287,9;89,98;-2,009;-33,86
9,899;0,400;288,1;89,92;-3,013;37,96
9,915;0,587;287,8;89,88;-0,517;91,89
9,932;0,486;288,0;89,90;0,530;2,779
9,949;0,499;287,9;89,90;-0,775;5,647
9,965;0,616;288,1;89,88;0,382;23,15
9,982;0,435;288,0;89,91;0,791;-15,21
9,999;0,483;287,8;89,90;-0,748;-26,09
10,015;0,560;288,0;89,89;-5,292E-2;28,73
10,032;0,492;287,9;89,90;0,521;8,460
10,049;0,473;287,9;89,91;4,947E-2;-73,53
10,065;0,484;287,8;89,90;-1,715;-42,82
10,082;0,760;287,7;89,85;-1,991;47,49
10,099;0,817;287,9;89,84;0,323;74,90
10,115;0,706;288,1;89,86;0,693;-41,96
10,132;0,702;287,9;89,86;-1,220;-99,90
10,149;0,909;288,0;89,82;-2,846;33,81
10,165;1,178;287,9;89,77;-0,413;112,3
10,182;0,978;287,7;89,81;1,831;10,42
10,199;0,872;287,9;89,83;-0,387;-76,65
10,215;1,044;288,0;89,79;-1,236;-20,39
10,232;1,080;288,1;89,79;-0,575;27,93
10,249;1,141;288,2;89,77;-0,498;-30,43
10,265;1,163;288,1;89,77;-1,348;27,26
10,282;1,367;288,2;89,73;-0,243;84,72
10,299;1,204;288,1;89,76;2,216;106,4
10,315;0,995;288,2;89,80;2,996;-1,654
10,332;0,702;288,2;89,86;2,421;-36,61
10,349;0,589;288,1;89,88;1,387;-72,62
10,365;0,469;288,1;89,91;0,327;-80,02
10,382;0,534;287,9;89,89;-1,501;-94,73
10,399;0,719;287,6;89,86;-2,796;-9,257
10,415;1,000;287,3;89,80;-2,058;98,96
10,432;1,063;287,4;89,79;0,747;80,47
10,449;0,875;287,4;89,83;1,035;-73,33
10,465;0,889;287,3;89,82;-1,994;-129,0
10,482;1,207;287,0;89,76;-3,638;47,39
10,499;1,496;287,1;89,70;-0,522;83,03
10,515;1,296;287,3;89,74;0,251;22,70
10,532;1,457;287,5;89,71;-0,941;-9,202
10,549;1,454;287,5;89,71;0,468;8,166
10,565;1,378;287,4;89,73;-0,484;-4,053
10,582;1,534;287,4;89,69;-0,345;56,45
10,599;1,436;287,5;89,71;1,927;81,77
10,615;1,213;287,5;89,76;2,412;-29,12
10,632;1,032;287,4;89,79;0,948;-150,4
10,649;1,054;287,5;89,79;-2,577;-52,56
10,665;1,464;287,5;89,71;-1,746;188,1
10,682;1,345;287,3;89,73;4,485;85,13
10,699;0,713;287,4;89,86;2,277;-70,76
10,715;0,965;287,5;89,81;-0,222;-15,77
10,732;0,751;287,5;89,85;3,210;40,75
10,749;0,428;287,5;89,91;1,288;-37,09
10,765;0,536;287,8;89,89;0,845;-47,44
10,782;0,287;287,9;89,94;0,967;-2,359
10,799;0,374;288,0;89,93;-0,225;-40,37
10,815;0,325;288,2;89,94;0,195;-17,61
10,832;0,342;288,2;89,93;-0,934;-13,85
10,849;0,482;288,3;89,90;-0,578;-31,15
10,865;0,439;288,3;89,91;-1,296;18,39
10,882;0,700;288,4;89,86;-0,947;42,91
10,899;0,598;288,4;89,88;1,036;116,8
10,915;0,526;288,4;89,90;2,371;1,743
10,932;0,200;288,3;89,96;1,843;-97,40
10,949;0,216;287,9;89,96;-1,490;-82,15
10,965;0,450;288,3;89,91;-1,199;-56,79
10,982;0,417;288,0;89,92;-2,357;97,60
10,999;0,843;288,0;89,83;0,265;69,49
11,015;0,373;287,9;89,93;2,344;23,64
11,032;0,450;288,1;89,91;-0,680;-145,3
11,049;0,487;288,0;89,90;-1,772;-66,35
11,065;0,747;288,0;89,85;-3,288;60,03
11,082;1,039;288,1;89,79;-0,114;124,0
11,099;0,767;288,2;89,85;2,009;46,77
11,115;0,703;288,4;89,86;0,631;-95,48
11,132;0,661;288,3;89,87;-0,846;-87,22
11,149;0,845;288,3;89,83;-2,581;14,20
11,165;1,094;288,3;89,78;-0,631;99,73
11,182;0,950;288,3;89,81;1,502;89,99
11,199;0,842;288,2;89,83;1,886;5,245
11,215;0,634;288,1;89,87;1,954;16,92
11,232;0,514;288,1;89,90;2,114;-44,53
11,249;0,279;288,1;89,94;1,001;-118,4
11,265;0,346;287,9;89,93;-2,241;-69,80
11,282;0,655;288,1;89,87;-1,754;6,946
11,299;0,640;288,1;89,87;-1,076;30,57
11,315;0,835;288,0;89,83;-1,486;-44,51
11,332;0,889;288,1;89,82;-1,955;45,37
11,349;1,164;288,3;89,77;-0,816;-1,829
11,365;1,027;288,3;89,80;-0,786;7,896
11,382;1,296;288,3;89,74;-1,794;-1,286
11,399;1,328;288,3;89,74;-0,119;39,34
11,415;1,316;288,4;89,74;-0,513;-8,973
11,432;1,413;288,2;89,72;-0,711;63,52
11,449;1,435;288,3;89,71;1,571;94,81
11,465;1,150;288,2;89,77;2,964;-14,36
11,482;0,937;288,2;89,81;0,939;-50,94
11,499;0,993;288,4;89,80;0,679;-63,47
11,515;0,824;288,3;89,84;-0,243;21,77
11,532;1,034;288,3;89,79;0,184;-48,29
11,549;0,793;288,2;89,84;-0,308;-18,20
11,565;1,085;288,2;89,78;-1,936;-26,92
11,582;1,118;288,3;89,78;-0,318;73,57
11,599;1,138;288,2;89,77;0,244;-17,82
11,615;1,077;288,3;89,79;-0,591;-64,20
11,632;1,238;288,3;89,75;-2,293;-35,44
11,649;1,461;288,2;89,71;-1,812;46,19
11,665;1,541;288,2;89,69;-0,524;105,0
11,682;1,549;288,4;89,69;1,459;62,01
11,699;1,298;288,2;89,74;2,050;40,32
11,715;1,205;288,4;89,76;2,147;-22,68
11,732;0,937;288,3;89,81;1,909;-49,49
11,749;0,885;288,2;89,82;6,260E-2;-73,61
11,765;0,926;288,2;89,82;-0,518;-24,81
11,782;0,971;288,0;89,81;-0,671;-14,21
11,799;1,039;288,2;89,79;-0,999;-60,95
11,815;1,138;288,0;89,77;-2,546;58,72
11,832;1,466;288,2;89,71;3,729E-2;107,0
11,849;1,133;288,4;89,77;2,543;45,73
11,865;1,040;288,5;89,79;0,656;-70,63
11,882;1,023;288,3;89,80;0,255;16,84
11,899;0,997;288,3;89,80;1,175;7,253
11,915;0,826;288,2;89,84;0,899;-20,55
11,932;0,846;288,2;89,83;4,714E-3;13,72
11,949;0,825;288,3;89,84;1,422;-26,49
11,965;0,607;288,1;89,88;-0,183;-43,04
11,982;0,855;288,0;89,83;-1,221;-18,19
11,999;0,812;288,1;89,84;0,155;25,59
12,015;0,829;288,1;89,84;-0,655;-1,758
12,032;0,921;288,0;89,82;-0,121;-24,73
12,049;0,849;288,1;89,83;-0,885;-45,68
12,065;1,071;288,3;89,79;-2,327;3,168
12,082;1,240;288,2;89,75;-0,640;57,45
12,099;1,178;288,4;89,77;3,964E-2;45,92
12,115;1,234;288,3;89,75;0,348;16,53
12,132;1,119;288,2;89,78;1,027;39,37
12,149;1,061;288,2;89,79;1,330;7,692
12,165;0,897;288,4;89,82;1,570;27,75
12,182;0,799;288,5;89,84;1,942;-37,10
12,199;0,571;288,3;89,89;0,872;-42,13
12,215;0,652;288,3;89,87;-0,206;-70,35
12,232;0,605;288,3;89,88;-0,800;-59,11
12,249;0,786;288,2;89,84;-2,607;-3,884
12,265;1,042;288,2;89,79;-1,140;57,40
12,282;0,977;288,2;89,81;2,723E-2;22,84
12,298;1,038;288,2;89,79;-0,851;-57,12
12,315;1,119;288,2;89,78;-1,701;132,4
12,332;1,323;288,1;89,74;2,649;128,1
12,348;0,676;288,5;89,87;4,572;49,44
12,365;0,557;288,6;89,89;2,515;-100,6
12,382;0,254;288,7;89,95;2,186;-119,3
12,398;0,190;288,8;89,96;-1,678;-28,27
12,415;0,536;288,8;89,89;0,141;66,66
12,432;0,167;288,9;89,97;2,396;-9,441
12,448;0,134;288,9;89,97;-1,137;-113,1
12,465;0,358;288,9;89,93;-1,667;-9,587
12,482;0,413;288,6;89,92;-0,918;58,18
12,498;0,511;288,5;89,90;-9,420E-2;-64,42
12,515;0,429;288,3;89,91;-2,261;-37,20
12,532;0,890;288,3;89,82;-2,803;94,19
12,548;0,897;288,3;89,82;1,833;174,8
12,565;0,585;288,5;89,88;3,245;13,20
12,582;0,354;288,5;89,93;1,955;-92,86
12,598;0,256;288,8;89,95;0,139;-90,85
12,615;0,331;288,8;89,93;-1,211;22,97
12,632;0,460;288,9;89,91;0,648;74,81
12,648;0,222;289,0;89,96;2,062;-5,137
12,665;0,113;288,9;89,98;0,115;-19,91
12,682;0,203;289,1;89,96;0,891;-30,07
12,698;-3,672E-2;289,0;90,01;0,216;-34,15
12,715;0,166;289,0;89,97;-1,421;-29,03
12,732;0,202;288,9;89,96;-0,133;46,08
12,748;0,189;289,0;89,96;6,928E-2;10,94
12,765;0,191;289,0;89,96;0,141;-35,10
12,782;0,165;288,9;89,97;-0,874;-17,83
12,798;0,337;289,0;89,93;-0,967;22,01
12,815;0,328;289,0;89,94;0,309;24,74
12,832;0,285;289,0;89,94;-0,148;29,01
12,848;0,353;289,0;89,93;0,829;17,16
12,865;0,146;288,9;89,97;1,167;7,246
12,882;0,157;289,1;89,97;0,395;-60,55
12,898;7,966E-2;289,2;89,98;-0,339;-26,14
12,915;0,214;289,3;89,96;-0,994;-41,23
12,932;0,247;289,4;89,95;-1,243;53,47
12,948;0,423;289,4;89,92;0,142;31,06
12,965;0,223;289,1;89,96;0,779;-18,18
12,982;0,291;289,0;89,94;-1,185;23,41
12,998;0,422;289,0;89,92;1,277;-97,71
13,015;7,668E-2;288,5;89,98;-2,619;-59,39
13,032;0,861;288,5;89,83;-3,819;70,15
13,048;0,717;288,3;89,86;2,190;178,3
13,065;0,493;288,4;89,90;1,621;
13,082;0,445;288,2;89,91;;
